# output relocated catalog from HYPODD (details can be found in Yao et al.[2019])
# EVID   YYYY MM DD HH MM  SECND  LONGITUDE   LATITUDE  DEPTH  ML  Pobs Sobs DX(m) DY(m) DZ(m)
								    P   S (phases)	
80309003 2010 03 09 01 49 37.540 -115.350464 32.289229  7.454  1.5  24  31   5.3   5.2   6.9
80309006 2010 03 09 03 26 05.790 -115.349398 32.288619  7.359  2.0  38  21   5.7   7.1  10.8
80309007 2010 03 09 03 29 05.370 -115.349495 32.288202  7.462  1.2   6   4  10.2  10.2  13.9
80309008 2010 03 09 04 25 41.710 -115.350138 32.289058  7.343  1.4  18  22   4.5   8.3   8.7
80309009 2010 03 09 04 38 10.880 -115.350456 32.289687  7.425  1.1   3  14  10.3  13.6  16.3
80309010 2010 03 09 04 39 05.800 -115.350049 32.288975  7.494  1.2   7  15   6.3   8.7   8.0
80309011 2010 03 09 05 10 43.370 -115.350700 32.288055  7.234  1.1   9  11   8.1   8.4   8.9
80309012 2010 03 09 05 15 01.650 -115.350260 32.288953  7.391  1.4  23  29   5.4   7.1   9.5
80309014 2010 03 09 05 22 53.960 -115.350586 32.288220  7.387  1.1   4   7   7.8  12.0   8.8
80309015 2010 03 09 06 05 13.410 -115.349585 32.290580  7.345  1.1   3   4   8.8  15.5  13.2
80309017 2010 03 09 06 22 50.920 -115.350472 32.289681  7.452  1.0   2   6   7.6  11.4  13.8
80309018 2010 03 09 06 35 44.720 -115.350203 32.289012  7.451  1.4  30  30   4.7   7.5   7.6
80309019 2010 03 09 07 28 03.410 -115.350366 32.289142  7.429  1.4  28  19   4.8   6.1   7.8
80310020 2010 03 10 00 57 06.520 -115.349048 32.287260  7.613  1.6  12   3  10.9  15.7  19.5
14600916 2010 03 15 10 08 46.360 -115.348975 32.288163  7.241  2.2  38  27   7.2   9.1  10.5
80315023 2010 03 15 10 11 29.400 -115.350415 32.290621  7.326  1.0   1   3   8.1  13.8  14.7
14601196 2010 03 16 12 10 03.400 -115.281169 32.243697  7.688  2.0   5   3  17.7  21.1  21.9
80316026 2010 03 16 20 28 46.220 -115.302376 32.277871 17.351  1.9   2   2  15.2  16.9  20.1
80317028 2010 03 17 10 41 02.570 -115.281226 32.242902  7.869  1.8   5   3  17.7  21.1  21.9
14601532 2010 03 17 17 01 01.060 -115.300374 32.276886 17.916  4.0   3   4  22.7  20.0  21.1
80317036 2010 03 17 20 21 49.520 -115.292684 32.314290  4.151  1.4  25  12  13.4  13.3  18.8
80317037 2010 03 17 20 24 52.320 -115.293099 32.315169  4.161  1.2   4   4  13.2  14.1  16.9
80318040 2010 03 18 04 41 07.370 -115.292236 32.313548  3.919  1.2   3   4  18.5  22.3  22.6
14601748 2010 03 18 05 40 33.080 -115.292098 32.312952  3.940  3.0  28  37  12.6  17.2  11.0
10145042 2010 03 18 05 41 18.320 -115.292871 32.316943  4.222  3.2  31  32  13.7  13.8  14.5
80318044 2010 03 18 06 01 12.050 -115.294702 32.321141  3.928  1.0   7  26  14.7  14.4  14.9
14601812 2010 03 18 09 12 46.120 -115.289689 32.313631  3.894  1.8  48  50  14.6  14.5   9.4
14601852 2010 03 18 10 21 50.230 -115.290828 32.313045  3.805  1.5  44  40  17.6  16.6  11.5
14601868 2010 03 18 12 09 00.290 -115.294759 32.320929  3.967  2.4  22  30  15.1  15.1  14.3
80318052 2010 03 18 12 20 41.250 -115.292464 32.311617  3.910  1.1   0  23  19.5  20.8  14.9
80318055 2010 03 18 13 36 43.870 -115.302230 32.277596 17.155  1.9   2   9  15.1  16.1  18.2
80319056 2010 03 19 00 41 50.150 -115.307975 32.267069 10.097  0.9   8   8  10.1  11.9  12.9
80319064 2010 03 19 04 17 00.710 -115.306982 32.267354  9.913  1.0   9  13  12.5  11.5  13.6
14602988 2010 03 21 06 37 19.950 -115.302010 32.319360  3.903  2.0   6   9  15.8  14.9  14.9
80321074 2010 03 21 06 40 11.370 -115.289258 32.313845  3.898  0.9   0  14  18.2  18.0  11.3
80321076 2010 03 21 06 51 44.640 -115.307528 32.267480 10.010  0.9   1   6  11.6  19.8  15.5
80321077 2010 03 21 07 04 20.420 -115.307829 32.264970 10.067  0.8   1   3   9.6  14.0  12.4
80321078 2010 03 21 07 05 47.940 -115.306714 32.265784 10.160  0.8   0  18   9.3  11.7   9.5
80321080 2010 03 21 07 10 48.730 -115.301530 32.278507 17.185  1.4   0   4  14.8  17.4  19.0
80321082 2010 03 21 08 22 33.410 -115.307349 32.266209 10.118  1.3   7  21   9.8  10.6  12.3
80321084 2010 03 21 08 33 39.130 -115.309993 32.304329 11.686  1.0   6   5  16.4  25.6  19.4
14603084 2010 03 21 09 17 12.440 -115.310360 32.311534 11.062  1.4  11   6  15.0  18.0  17.9
80321088 2010 03 21 09 40 52.250 -115.309627 32.310144 11.335  0.9  11   7  15.2  18.4  18.2
80321091 2010 03 21 11 27 45.000 -115.291024 32.310087  4.341  1.2   0   4  21.9  20.8  22.1
80321096 2010 03 21 15 28 23.120 -115.320150 32.358698  6.634  1.1   6   3   8.3  10.2  12.0
80321100 2010 03 21 15 37 11.600 -115.303288 32.273027  9.236  1.2   1   7  13.6  17.9  18.5
80321106 2010 03 21 15 43 10.470 -115.320028 32.356868  6.944  1.2   5   1   7.6  11.1  11.9
14603212 2010 03 21 15 54 42.030 -115.319499 32.357332  6.904  1.6  11   4   8.0   9.5  11.9
80321110 2010 03 21 15 56 18.340 -115.307690 32.266561 10.168  0.9   1  15   7.1   9.5  11.3
80321114 2010 03 21 16 23 29.410 -115.292586 32.280680 10.988  1.1   0   8   6.5   7.3   7.7
80321120 2010 03 21 17 06 08.040 -115.306510 32.265835 10.216  1.2   1   6  14.8  15.0  15.5
80321123 2010 03 21 19 34 00.520 -115.305754 32.273684  8.887  1.2   1   3  15.5  22.3  19.2
80321131 2010 03 21 20 12 06.800 -115.290413 32.272257  2.097  0.8  12   0  11.4  11.8  17.5
14603292 2010 03 21 20 14 55.840 -115.289982 32.272420  2.111  1.5  35   4  19.3  17.6  14.6
80321139 2010 03 21 20 45 28.440 -115.288770 32.269735  2.072  1.3   0  46   8.8   9.9  11.1
14603364 2010 03 21 22 37 22.020 -115.291593 32.294096  2.566  1.8   3   0   5.2   6.4   3.1
80321146 2010 03 21 23 02 25.640 -115.298446 32.286519  3.693  1.3   3   2   4.3   8.9   6.8
14603372 2010 03 21 23 02 55.480 -115.299080 32.286121  3.587  2.0   4   2   4.3   8.5   6.8
80321149 2010 03 21 23 06 39.240 -115.288843 32.274017 16.797  1.3   2   7  20.6  18.8  18.4
80321151 2010 03 21 23 07 08.020 -115.304224 32.268083 10.164  1.2   0   3  14.7  20.6  22.2
14603396 2010 03 21 23 10 18.560 -115.290120 32.272239 14.085  3.4   1   3  17.4  13.4  22.4
80321156 2010 03 21 23 10 55.360 -115.307397 32.266282 10.039  2.4   0   3  13.5  12.7  15.7
80321162 2010 03 21 23 23 51.960 -115.288875 32.275539 15.111  0.3   4  12   8.7  14.2  14.2
80321164 2010 03 21 23 24 37.440 -115.290169 32.274894 15.114  0.5  35  13   9.1  15.8  14.2
14603404 2010 03 21 23 33 25.200 -115.290527 32.275677 15.103  1.3  96  15   8.2  14.5  12.5
80321168 2010 03 21 23 45 33.960 -115.287467 32.315719  1.194  1.0   2   5  17.0  20.5  19.8
14603412 2010 03 21 23 46 08.520 -115.288070 32.317037  1.133  2.2   1   3  15.7  19.3  19.6
80321174 2010 03 21 23 51 48.040 -115.289396 32.274666 15.331  0.4   7  13   9.4  16.8  13.7
80321176 2010 03 21 23 53 19.160 -115.289144 32.274868 15.422  0.7  47  13   9.2  13.6  15.2
80322178 2010 03 22 00 12 11.820 -115.291821 32.281142 11.483  1.2   1   5   9.2  12.8  15.5
80322182 2010 03 22 00 53 28.270 -115.290658 32.282764 15.176  1.3  60   0  10.6  16.8  24.3
80322183 2010 03 22 00 58 00.390 -115.305843 32.268654  9.701  0.7   1   6  15.2  18.6  21.2
80322184 2010 03 22 01 08 11.200 -115.302417 32.286218  9.481  1.2  11  12   8.8  10.8  11.8
80322186 2010 03 22 01 14 04.370 -115.302515 32.287158  9.532  1.2   8  25   8.3  10.5   8.6
80322190 2010 03 22 02 42 52.400 -115.305420 32.269647  9.635  1.0   1   5  15.2  19.0  19.6
80322192 2010 03 22 03 00 07.790 -115.289176 32.270522  2.048  1.5  23  97   8.6   8.4   5.7
80322194 2010 03 22 03 01 26.770 -115.289119 32.270083  2.043  0.9   0   4  10.9  14.2  11.5
80322195 2010 03 22 03 12 49.520 -115.277148 32.294356 11.357  0.9   6   9  15.9  11.5  11.8
14603476 2010 03 22 03 17 14.850 -115.278809 32.292537 11.195  2.3   8   7  16.7  15.0  13.7
80322198 2010 03 22 03 20 23.340 -115.294735 32.272559 11.784  1.3   3   8  18.4  18.5  18.3
80322200 2010 03 22 03 23 57.050 -115.275814 32.294344 11.514  1.0   9   7  10.5  12.4  10.3
80322202 2010 03 22 03 25 38.360 -115.277157 32.293331 11.437  1.1  11   8   8.8   9.9   8.9
80322204 2010 03 22 03 40 58.460 -115.290828 32.284739 10.825  1.0   2   4  11.0  20.6  13.9
14603524 2010 03 22 04 23 38.340 -115.292155 32.282589 10.943  2.5   5  31   8.5   9.6   9.8
14603532 2010 03 22 04 28 09.930 -115.291447 32.267647 13.734  3.2   0   2  17.4  13.4  22.8
80322210 2010 03 22 04 32 25.180 -115.291211 32.279478 15.768  1.5   3  87  10.9  10.5  14.5
80322214 2010 03 22 04 54 30.060 -115.291960 32.282745 10.907  0.9   0   6  10.1  10.2  11.2
14603540 2010 03 22 05 14 41.780 -115.302059 32.286196  9.465  2.7   9  26   8.6  10.1   8.6
80322220 2010 03 22 05 45 07.680 -115.287541 32.316453  1.338  0.9   1   2  19.0  22.6  20.6
80322222 2010 03 22 05 47 48.850 -115.289860 32.269678  1.990  1.1   2  38  10.1  10.8  10.2
80322225 2010 03 22 06 18 54.670 -115.289469 32.270490  2.075  1.5  19 104   9.7   9.1   9.0
80322227 2010 03 22 06 34 41.760 -115.283146 32.278672 17.135  1.4   3  11  15.6  17.6  20.3
80322228 2010 03 22 06 34 58.830 -115.283219 32.278849 17.066  1.1   0   9  24.2  21.2  23.2
80322230 2010 03 22 06 44 30.140 -115.291797 32.270595  2.259  1.9   8  77  14.7  13.3  11.9
80322232 2010 03 22 07 09 34.850 -115.289787 32.280636 15.546  1.8   8  77   9.6   9.0  12.2
80322234 2010 03 22 08 25 36.640 -115.289437 32.269604  2.069  1.0  11  44   9.5  10.8   9.3
80322236 2010 03 22 08 26 03.540 -115.288249 32.271574  1.824  0.7   1   3  17.0  19.1  16.5
80322242 2010 03 22 10 12 26.560 -115.289502 32.272703  2.097  0.6   0   4  24.5  25.8  17.5
80322245 2010 03 22 10 22 27.090 -115.284375 32.277627 17.044  1.0   1   3  11.7  21.2  18.5
80322246 2010 03 22 10 31 26.080 -115.289111 32.269578  2.042  1.0   4  46   8.0   8.4   7.6
80322249 2010 03 22 12 06 47.850 -115.283162 32.279093 17.066  1.4   4  13  14.9  11.7  14.1
80322251 2010 03 22 13 37 49.740 -115.289738 32.270321  1.832  1.2   0  28  15.1  14.0   8.5
80322252 2010 03 22 17 27 39.000 -115.288949 32.268555  2.203  1.1   3  12  11.5  12.8  10.3
80322257 2010 03 22 20 57 44.940 -115.301139 32.247296 11.810  1.5  11  15   9.9  13.5   8.3
80322260 2010 03 22 22 45 34.640 -115.290063 32.270251  1.965  1.5   0  17  15.8  13.8  12.8
80323263 2010 03 23 04 17 20.840 -115.290096 32.269761  1.939  1.5  50 110   9.2  10.3  10.8
80323270 2010 03 23 07 58 20.360 -115.307454 32.266227 10.358  1.2  16  30   8.9   9.9  16.0
80323272 2010 03 23 08 30 51.200 -115.306852 32.267409 10.129  1.5  17  32   7.9   9.4   9.7
80323275 2010 03 23 11 03 26.450 -115.307739 32.267145 10.148  1.0  10  11  10.1  11.9  12.4
80323277 2010 03 23 11 35 00.320 -115.308008 32.288314  9.816  1.3   0   2  21.5  30.3  23.2
80323279 2010 03 23 17 30 50.920 -115.293140 32.272009  1.981  1.7  24  44  16.5  14.5  12.1
80323281 2010 03 23 17 31 01.440 -115.293132 32.271700  2.035  1.7   6  30  14.0  15.8  13.4
14603996 2010 03 23 18 38 05.200 -115.302808 32.273354  9.268  2.2  26  26  10.3  11.4  13.8
80323286 2010 03 23 18 39 03.300 -115.301986 32.273635  9.262  2.1  19  14   7.9   8.4  10.4
80323289 2010 03 23 19 03 24.600 -115.305501 32.272972  9.302  1.4   7   1  10.4  10.5  14.2
80323291 2010 03 23 19 37 52.180 -115.291968 32.280151 15.774  1.4   8   4  10.5  12.8  15.1
80323293 2010 03 23 21 38 17.160 -115.293188 32.294875  8.697  1.8   4   8   7.1   8.5   9.8
80324296 2010 03 24 01 20 16.610 -115.301050 32.246771 11.544  1.4  21  20   9.3  11.0   9.5
80324298 2010 03 24 02 23 01.780 -115.290470 32.310138  3.447  0.8   4   4  25.7  25.9  24.1
80324299 2010 03 24 06 11 50.910 -115.288647 32.314372  3.894  1.1  12  22  14.9  18.1  11.7
80324305 2010 03 24 08 28 12.280 -115.288631 32.313556  3.941  1.1   8  31  15.1  14.2  13.7
80324309 2010 03 24 13 54 38.040 -115.301546 32.287036  9.568  1.4   9   9  14.7  12.3  18.5
80324311 2010 03 24 14 29 15.590 -115.297078 32.271442 11.597  1.1   2   6  15.1  18.9  18.2
80324314 2010 03 24 16 40 31.390 -115.301180 32.247188 11.731  1.5  10  10  10.9   8.6  12.6
80324315 2010 03 24 18 00 09.820 -115.302165 32.247237 11.401  1.2   2   2  20.2  15.7  16.8
80324316 2010 03 24 18 24 56.440 -115.296322 32.272384 11.692  1.5   7  14  12.4  13.6  14.8
80324318 2010 03 24 22 57 53.760 -115.295549 32.271665 11.917  1.8  15  21  19.2  16.8  17.0
80325321 2010 03 25 03 26 01.640 -115.296102 32.273179 11.664  1.5  18  26  12.3  11.2  11.5
80325324 2010 03 25 08 11 57.790 -115.307031 32.267173 10.170  1.2   5   6  11.2  12.1  16.8
80325325 2010 03 25 09 08 15.640 -115.307625 32.267432 10.040  1.4  13  16   9.3  11.5  15.2
14604588 2010 03 25 11 55 39.170 -115.300814 32.310512  8.082  1.7   0   1  25.5  23.0  96.9
80325327 2010 03 25 17 37 53.000 -115.308236 32.266146 10.077  1.1   9   4  11.9  16.9  18.1
14604732 2010 03 25 20 26 25.600 -115.291838 32.276908 15.770  2.6  73  61  11.7  13.8  17.6
80326341 2010 03 26 04 51 27.950 -115.306494 32.264825 10.453  1.9  25  22  12.6  13.3  17.5
80326345 2010 03 26 05 24 59.830 -115.301839 32.248214 11.564  1.4   7   2  12.6  12.7  14.0
80326347 2010 03 26 09 28 59.390 -115.290511 32.275332 15.795  1.5  11  19  15.9  18.1  26.2
80326349 2010 03 26 14 31 08.330 -115.289461 32.316203  8.313  1.5   1   3  13.0  13.3  16.4
80326354 2010 03 26 20 56 25.160 -115.283870 32.303042  8.188  1.6   4   7  19.6  28.6  30.1
14605060 2010 03 27 00 29 26.310 -115.291382 32.276117 15.749  2.6  51  53  12.9  10.4  18.9
80327359 2010 03 27 00 42 05.050 -115.303271 32.274774  9.258  1.8  12  12  10.1  10.4  11.7
80327363 2010 03 27 04 14 10.880 -115.304858 32.292171 14.267  1.6  12  16   6.0   5.9   6.9
14605204 2010 03 27 15 05 11.810 -115.298551 32.283742 15.016  3.6   1   1  60.4  47.7  58.1
80328375 2010 03 28 00 41 19.830 -115.292611 32.284918 15.605  1.4  22  17  13.4  17.6  17.5
14605412 2010 03 28 08 16 58.170 -115.290186 32.309320  5.203  1.9  92  32  16.2  10.0  22.7
80328386 2010 03 28 08 18 11.860 -115.289795 32.309385  5.176  1.5  96  31  14.0  10.2  20.3
80328387 2010 03 28 08 23 26.620 -115.288965 32.309233  5.384  1.0   6   8  12.4  14.0  25.9
80328389 2010 03 28 08 24 25.140 -115.289738 32.310380  5.243  1.5  83  28  13.1  11.5  20.6
80328390 2010 03 28 08 25 11.160 -115.288509 32.309755  5.349  1.1  19   7   9.8  13.8  22.5
80328391 2010 03 28 08 28 57.530 -115.289217 32.310417  5.237  1.3  48  16  13.2  14.1  21.5
80328392 2010 03 28 08 30 40.480 -115.288208 32.309884  5.420  1.2  32  16  12.5  10.9  24.9
80328393 2010 03 28 08 31 32.410 -115.289559 32.309965  5.304  1.1  14   9  10.5  12.8  23.3
80328398 2010 03 28 09 12 30.370 -115.305786 32.292112 14.136  1.2   7  10  13.0  15.4  17.4
80328399 2010 03 28 09 14 51.480 -115.285221 32.310848  7.892  0.9   1   3  20.9  24.1  24.4
80328401 2010 03 28 09 29 52.120 -115.292529 32.294071  8.640  1.5  10   9   6.0   6.4   7.9
80328406 2010 03 28 14 31 13.660 -115.300871 32.247272 11.827  1.5   3   1  14.3  17.0  15.4
80328408 2010 03 28 23 32 11.360 -115.291056 32.316109  7.989  1.1  10  10  13.5  13.4  18.9
80328410 2010 03 28 23 51 43.080 -115.291227 32.316288  8.075  1.1   9  10   8.0  10.6  17.0
80329412 2010 03 29 01 45 04.380 -115.290535 32.315306  8.248  1.4  62  52   6.8   8.4  12.3
80329414 2010 03 29 01 49 14.080 -115.290780 32.315190  8.306  1.2  34  27   9.0   8.5  14.1
80329418 2010 03 29 02 39 39.670 -115.293677 32.285868 15.534  1.2   3   5  19.2  21.6  22.3
14605636 2010 03 29 05 34 50.180 -115.284896 32.308042  7.921  2.0  19  46  11.2  15.5  21.7
80329421 2010 03 29 05 36 10.400 -115.290438 32.314181  8.238  1.6  62  55   9.2   9.6  13.9
80329425 2010 03 29 07 08 45.650 -115.290373 32.314152  8.014  1.3  49  50   9.3   9.4  14.2
80329428 2010 03 29 09 51 02.940 -115.301807 32.286829  9.487  1.6  21  29   9.4  10.5  12.6
80329429 2010 03 29 09 58 34.290 -115.290397 32.316062  8.305  1.4  59  58   6.9   9.1  11.9
80329435 2010 03 29 21 24 34.700 -115.287134 32.309068  6.024  1.4   1   3  18.9  20.3  32.9
14605924 2010 03 29 22 43 18.560 -115.300334 32.282692  9.076  2.2   3   7  18.8  19.5  21.7
80330438 2010 03 30 02 29 50.340 -115.288924 32.314854  8.244  1.4  16  16  10.0  12.9  16.5
80330439 2010 03 30 02 39 41.450 -115.287345 32.315210  8.364  1.4   1   5  14.9  14.8  21.1
80330444 2010 03 30 08 36 40.000 -115.287459 32.314250  4.205  1.6  15  21   9.7   9.5  12.9
80330445 2010 03 30 08 49 17.300 -115.287948 32.313841  4.314  1.3  12   8  12.0  10.4  11.6
80330446 2010 03 30 08 51 43.280 -115.286849 32.314484  4.456  1.2   7   7  12.1   8.7  13.5
80330447 2010 03 30 09 21 59.410 -115.286890 32.313328  4.108  1.2  13   9  11.7   9.1  16.4
80330448 2010 03 30 10 08 18.990 -115.286987 32.314024  3.930  1.2  13  10  11.3   9.9  16.7
80330449 2010 03 30 14 29 31.470 -115.290991 32.285288 15.541  1.9  57  73  11.9  15.3  13.8
80330450 2010 03 30 14 29 57.070 -115.291211 32.285514 15.576  1.7  18  47  12.5  16.6  16.1
80330451 2010 03 30 22 41 34.280 -115.291406 32.313774  3.612  1.4   7  12  23.0  19.6  22.4
14606228 2010 03 31 02 32 53.540 -115.289819 32.314850  8.227  2.2  75  67   6.2   7.1  11.7
80331456 2010 03 31 02 36 02.620 -115.290430 32.315892  8.218  1.5  29  32   8.2   8.4  12.0
80331458 2010 03 31 02 51 27.040 -115.290161 32.316156  8.333  1.9  74  52   7.3   9.4  11.8
80331459 2010 03 31 05 07 33.680 -115.288639 32.314545  8.044  1.3  26  39   8.5   7.9  11.7
80401466 2010 04 01 19 09 13.600 -115.292480 32.278259 15.599  1.3  11  19  15.4  19.5  25.8
80401467 2010 04 01 21 31 58.520 -115.304842 32.292261 14.337  1.4   5  10   6.1   6.2   8.3
80401468 2010 04 01 21 32 46.320 -115.304321 32.292377 14.405  1.1   1   3   7.4   8.5   9.4
80403474 2010 04 03 05 53 19.950 -115.302067 32.247732 11.662  1.1   3   3  14.2  13.3  16.5
80403479 2010 04 03 14 14 25.850 -115.288924 32.270880  1.886  1.0  10  17  10.6  11.0  10.6
80403480 2010 04 03 14 50 46.730 -115.288940 32.268884  2.255  0.9   4  14   8.5  13.9  13.8
80403481 2010 04 03 15 36 10.830 -115.303849 32.273995 11.885  1.0   1   3  26.1  26.9  27.2
80403483 2010 04 03 15 36 28.950 -115.296582 32.278448 12.065  1.1   1   3  26.0  27.0  32.8
80403484 2010 04 03 15 43 19.500 -115.288916 32.270044  2.053  1.7  88 119   8.8  10.5   6.1
14607108 2010 04 03 15 44 46.970 -115.288900 32.269786  2.050  2.0 100 121   8.2  10.8   7.4
80403489 2010 04 03 15 45 48.820 -115.289168 32.269080  2.076  1.1   2   6   7.4  10.0   9.0
80403490 2010 04 03 15 45 54.650 -115.289567 32.268195  2.108  1.1   4  12  11.6  12.9  12.3
80403492 2010 04 03 15 54 46.220 -115.289119 32.269285  2.131  1.3  53  77   6.1   8.9   9.9
14607132 2010 04 03 16 55 22.670 -115.291976 32.271419  2.144  1.9  37  89  15.9  14.9  12.9
14607140 2010 04 03 17 03 34.680 -115.295915 32.276082  1.724  2.1  43  48  24.0  18.6  14.3
80403497 2010 04 03 17 03 44.800 -115.292611 32.279698  1.918  1.9   4  12  20.2  21.3  19.2
80403502 2010 04 03 19 03 27.880 -115.291333 32.280369 15.425  1.7  61  63  11.5  13.3  11.4
80403504 2010 04 03 19 06 44.300 -115.290495 32.280721 15.445  1.6  52  57  10.5  13.2  17.1
80403506 2010 04 03 19 07 03.680 -115.288900 32.278507 15.524  1.4   2   2  22.0  26.1  25.9
80403508 2010 04 03 19 07 24.600 -115.290633 32.279903 15.491  2.1 114 136  11.2  11.0  14.4
80403510 2010 04 03 19 08 12.840 -115.291349 32.283608 10.894  1.8   6  22   8.5   8.9   9.3
80403514 2010 04 03 19 35 25.420 -115.301318 32.247809 11.735  1.1  14  12   7.2  10.0   8.3
14607164 2010 04 03 19 38 51.560 -115.289006 32.274935 16.829  2.7  40  17  17.5  14.4  16.8
80403519 2010 04 03 19 40 52.200 -115.303564 32.272974  9.253  1.3  12  13   6.6   5.9   9.9
80403520 2010 04 03 19 41 01.600 -115.303662 32.272949  9.215  1.3   1   3   8.3   9.3  12.1
80403521 2010 04 03 19 41 34.080 -115.300895 32.248474 11.811  1.4  12  17   8.5  10.6   8.9
80403523 2010 04 03 20 09 27.680 -115.301213 32.247825 11.534  1.1   9   8  11.3  13.3  10.5
14607180 2010 04 03 20 18 03.720 -115.307568 32.267157  9.947  1.5  31  38   7.1   9.8  13.5
80403527 2010 04 03 20 42 13.180 -115.290080 32.280890 15.680  1.3   7  10  12.3  15.8  14.9
14607188 2010 04 03 20 49 05.080 -115.290576 32.282015 16.573  3.3   3   3  27.2  23.1  36.9
80403530 2010 04 03 20 51 00.560 -115.291032 32.273576  2.213  1.5  17  13  11.1  13.3  12.5
80403531 2010 04 03 20 51 18.240 -115.300798 32.247573 11.825  1.9  14  18  11.8  13.3   9.4
80403536 2010 04 03 21 24 11.400 -115.307666 32.266066 10.075  0.9   3   1  12.0  17.4  16.7
80403537 2010 04 03 21 29 21.320 -115.289811 32.280469 15.594  1.8 107 147   6.7   8.7   9.0
80403543 2010 04 03 21 52 44.780 -115.288778 32.281081 15.806  1.4  11  13  13.2  17.0  16.3
80403545 2010 04 03 22 04 45.520 -115.290080 32.269861  1.858  1.1  29  54  10.7  10.0  11.8
80403547 2010 04 03 22 11 48.480 -115.295304 32.279458  1.529  1.0   5  10  23.6  27.0  24.6
80403549 2010 04 03 22 14 48.120 -115.294906 32.279793  1.667  1.1  10   7  18.2  23.0  20.8
14607204 2010 04 03 22 16 47.640 -115.296273 32.273981 11.565  2.1  23  26  13.5  11.9  14.5
80403553 2010 04 03 22 25 49.700 -115.295931 32.273460 11.745  1.8   3   9  21.7  18.7  18.3
14607212 2010 04 03 22 47 45.440 -115.293962 32.276371  1.942  2.0  71  55  15.9  16.8  16.7
80403563 2010 04 03 23 03 19.960 -115.303190 32.288538  8.738  1.2   2   7   8.5  13.1  16.1
80403567 2010 04 03 23 05 07.860 -115.292424 32.282981 10.840  2.5   0   4  10.7  12.4  13.0
80403569 2010 04 03 23 07 31.420 -115.290658 32.283754 10.975  1.3   1   3  12.9  15.4  13.0
80403573 2010 04 03 23 10 57.520 -115.288485 32.270638  1.887  2.2  38  44  16.8  13.6  10.6
14607244 2010 04 03 23 25 47.360 -115.289990 32.280039 15.573  2.1 148 159   5.3   7.7   7.2
80403583 2010 04 03 23 28 23.060 -115.290340 32.279915 15.529  1.8 105 137   7.4   9.0   8.6
80403585 2010 04 03 23 29 28.520 -115.307690 32.266791  9.914  1.1  15  14   9.2  12.3  12.7
80403586 2010 04 03 23 34 26.240 -115.289689 32.280111 15.656  1.3  15  33  10.6  10.0  11.5
80403588 2010 04 03 23 35 08.600 -115.291300 32.314848  4.336  1.4   7   6  24.3  22.8  16.5
80403593 2010 04 03 23 37 18.020 -115.291504 32.280186 15.691  1.7  28  23   8.7   8.9  10.2
14607260 2010 04 03 23 37 23.740 -115.290698 32.279159 15.712  2.4  94 119   9.2  10.8   8.3
14607268 2010 04 03 23 39 04.160 -115.288420 32.271857  2.101  2.1  34  64  16.3  12.7  12.4
14607276 2010 04 03 23 46 59.260 -115.301050 32.246940 11.755  1.7  35  24   9.2  10.9  10.2
80403603 2010 04 03 23 54 49.300 -115.287394 32.270268  2.275  1.1   1   3  17.0  19.2  20.9
80404604 2010 04 04 00 04 21.080 -115.290169 32.280929 15.269  1.7  74  84  12.3  11.2  12.2
80404605 2010 04 04 00 04 56.120 -115.290080 32.279356 15.376  1.4   9  21  13.0  11.1  13.8
80404607 2010 04 04 00 05 22.570 -115.287256 32.275358 15.477  1.5   2   2  12.6  25.6  16.4
80404610 2010 04 04 00 16 03.020 -115.288509 32.271511  1.945  1.5  29  75   9.6  11.3  12.5
80404611 2010 04 04 00 16 49.240 -115.289998 32.313304  4.339  1.3   7   4  27.3  31.4  19.0
80404617 2010 04 04 00 34 34.630 -115.301025 32.273169  9.251  1.2   8  11   9.1  10.9  10.4
80404618 2010 04 04 00 36 09.510 -115.292253 32.276324 15.485  1.6  37  36  10.1  11.9  12.1
80404620 2010 04 04 00 42 49.470 -115.292082 32.276361 15.568  1.8  48  59   9.6  11.7  11.0
80404621 2010 04 04 00 43 38.400 -115.288859 32.271145  2.149  1.6  42  82  10.0  11.3  12.5
14607284 2010 04 04 00 50 20.720 -115.290527 32.282279 15.791  2.8  97 133  11.3  12.9   9.9
80404624 2010 04 04 00 53 17.970 -115.293937 32.283223 15.706  1.5  20  42   9.6  14.6  10.3
80404633 2010 04 04 01 40 43.580 -115.288656 32.271395  2.041  1.8  27  47  12.5  12.1  12.3
80404639 2010 04 04 03 08 53.730 -115.291170 32.276156 15.532  1.6  54  36  14.0  14.7  19.8
14607340 2010 04 04 03 29 06.850 -115.289982 32.312225  4.422  2.3  96  32  17.4  17.5  18.8
80404643 2010 04 04 03 33 57.900 -115.288745 32.281757 15.666  1.8  72 120   8.8   9.6  12.0
80404653 2010 04 04 03 55 46.450 -115.291056 32.312347  4.651  1.5  54  13  10.3  12.3  16.7
80404654 2010 04 04 03 57 11.780 -115.291398 32.312085  4.573  1.4  41   9  10.3  11.8  15.6
80404657 2010 04 04 04 29 16.460 -115.291976 32.277502 15.508  1.4   6   2  16.7  21.0  19.8
80404658 2010 04 04 04 30 19.810 -115.290072 32.312101  4.788  1.1  21  10  11.5  14.7  16.2
80404659 2010 04 04 04 30 35.020 -115.290120 32.312199  4.806  1.2   5   4  17.6  18.5  22.6
80404660 2010 04 04 04 31 51.280 -115.289209 32.277313 15.640  1.4   6   5  19.9  19.7  22.8
80404662 2010 04 04 05 00 56.780 -115.299023 32.279405  8.873  1.4   3   5  18.6  19.2  21.6
14607364 2010 04 04 05 05 09.870 -115.289608 32.272927 16.081  3.3  29   9  21.7  16.2  22.2
80404664 2010 04 04 05 05 26.540 -115.288753 32.281504 15.566  3.0   0  41  14.4  19.4  14.9
80404666 2010 04 04 05 08 01.060 -115.282560 32.270516 19.910  1.5   0   2  52.7  55.6  58.2
14607372 2010 04 04 05 11 32.570 -115.292000 32.309483  4.469  1.7  55  15  13.2  17.1  19.2
80404671 2010 04 04 05 17 02.560 -115.287280 32.276170 15.557  1.3  48  45  13.3  13.2  12.5
80404674 2010 04 04 05 17 19.020 -115.294775 32.278202 15.325  1.3   1   3  15.3  14.7  16.6
14607380 2010 04 04 05 25 44.860 -115.288770 32.277057 15.545  1.9  14  52  13.8  16.4  16.4
80404691 2010 04 04 07 18 32.950 -115.287288 32.310409  7.756  1.0   4   6  19.6  21.0  24.9
80404692 2010 04 04 07 20 45.090 -115.294458 32.283946 15.294  1.3  12  14  14.2  22.8  20.6
80404699 2010 04 04 08 55 03.010 -115.290430 32.285374 15.596  1.6  73  77  10.5  13.6  15.5
80404700 2010 04 04 09 23 03.820 -115.292822 32.315466  4.094  1.3   2   3  19.3  21.0  25.2
80404703 2010 04 04 09 34 55.730 -115.290251 32.280157 15.543  1.3  21  38   9.9   9.7  11.2
80404704 2010 04 04 09 35 04.260 -115.289966 32.280745 15.630  1.5  30  81   9.9   9.5  11.5
80404705 2010 04 04 09 36 01.480 -115.290291 32.283834 15.650  1.9  66 112  13.4  15.7  13.4
14607412 2010 04 04 09 36 26.740 -115.295882 32.266880 19.102  3.4   2   3  51.4  50.6  58.0
80404714 2010 04 04 09 49 05.720 -115.290853 32.279478 15.737  1.5 106 138   5.5   9.9   8.4
80404716 2010 04 04 09 58 04.820 -115.287817 32.272375  2.292  1.0   2   6  19.7  18.5  20.3
80404717 2010 04 04 10 00 35.740 -115.293343 32.316191  4.012  1.0   5   3  19.8  22.8  24.7
80404718 2010 04 04 10 01 24.150 -115.291846 32.314720  4.037  1.0  19   4  17.2  25.1  22.0
80404720 2010 04 04 10 02 01.310 -115.291569 32.282837 10.900  0.9   2   9   8.6   8.0   9.2
80404725 2010 04 04 10 37 30.300 -115.289705 32.310779  4.905  1.3  47  16  15.5  14.2  12.9
80404727 2010 04 04 11 03 09.690 -115.287907 32.276884 15.493  1.3  27  49  16.1  13.3  14.1
80404729 2010 04 04 11 05 18.510 -115.291130 32.276988 15.422  1.6  79 100   9.4  14.1  13.7
80404733 2010 04 04 11 41 12.820 -115.290902 32.279100 15.587  1.6 121 143   6.0   7.4   6.8
80404737 2010 04 04 12 05 38.920 -115.288298 32.309310  7.401  1.3   1   2  20.5  18.3  26.8
80404739 2010 04 04 12 42 06.510 -115.301880 32.248763 11.668  1.1   3   2  15.3  14.4  17.0
80404740 2010 04 04 12 49 58.820 -115.301221 32.247386 11.673  1.1  10  12   8.3   8.8   9.3
80404741 2010 04 04 14 37 16.730 -115.292155 32.277643 15.640  1.3   1   3  16.0  19.7  20.8
80404744 2010 04 04 14 43 49.940 -115.300993 32.270492  1.680  1.3   2   1  32.6  17.3  21.4
30677759 2010 04 04 15 07 53.050 -115.292896 32.293616  8.544  2.1  10   8   5.4   6.2   7.8
14607492 2010 04 04 15 09 24.970 -115.285718 32.309487  7.732  1.8  24  55  14.4  15.7  24.3
80404753 2010 04 04 15 26 17.210 -115.286523 32.310278  7.700  1.3  10   9  21.7  17.8  37.8
14607524 2010 04 04 16 21 10.400 -115.287297 32.310360  7.776  2.4  37  66  14.2  15.6  20.8
14607540 2010 04 04 16 55 58.120 -115.289258 32.311265  5.012  1.9  84  26  16.0  14.4  16.1
80404760 2010 04 04 16 58 27.210 -115.290259 32.311145  4.969  1.4  50  18  19.0  21.1  19.8
80404761 2010 04 04 17 12 38.220 -115.289730 32.308925  5.240  1.2  22  11  16.1  17.3  20.0
14607556 2010 04 04 17 18 00.880 -115.288802 32.315371  8.155  2.2  61  63   7.5   9.6  11.9
14607564 2010 04 04 17 19 07.380 -115.304915 32.292283 14.301  2.1  13  13   9.3  12.0  14.1
80404772 2010 04 04 17 46 10.480 -115.290129 32.314966  8.334  1.6  51  40  10.2   8.5  14.3
80404775 2010 04 04 18 25 16.040 -115.291528 32.311373  4.693  1.1   8   4  18.2  19.5  24.2
80404780 2010 04 04 19 19 48.240 -115.291984 32.276955 15.497  1.5  43  77   8.4   9.2   9.9
80404783 2010 04 04 20 18 56.560 -115.296875 32.274801 11.424  1.3   2   2  15.5  17.5  18.0
80404784 2010 04 04 20 19 27.560 -115.296208 32.274833 11.382  1.3   4   4  13.6  14.2  16.9
80404786 2010 04 04 20 19 43.500 -115.296720 32.275279 11.364  1.4   5   7  15.9  11.9  14.9
80404788 2010 04 04 20 21 36.000 -115.296232 32.274813 11.402  1.5  18  19   9.8   9.5  11.4
80404791 2010 04 04 21 32 26.280 -115.301408 32.287095  9.413  1.1   0   8   8.7   8.9  11.1
14607620 2010 04 04 22 34 50.600 -115.290096 32.274593 15.864  3.3  47  32  13.6  11.3  16.5
14607628 2010 04 04 22 39 05.360 -115.290771 32.279488 15.697  2.7 118 146   7.0   9.7  12.1
80404799 2010 04 04 22 39 43.280 -115.290039 32.277150 15.034  1.9   8   7  17.0  15.4  21.5
10169070 2010 04 04 22 39 57.280 -115.291504 32.277966 15.747  2.9 107 149   7.3  11.1  11.9
14607652 2010 04 04 22 40 42.180 -115.291235 32.271938 15.908  7.2   6   0  18.2  20.7  23.1
