# The detected catalog preceding the 2010 Mw7.2 El Mayor-Cucapah mainshock, Yao et al. (2019)
# PEAK AR: peak amplitude ratio; PCF AR: Principal Component Fit amplitude ratio
# EVID   YYYY MM DD HH MM SECD  LONGITUDE LATITUDE DEPTH   ML    ML   TEMPID   MCCV
#							PEAK AR     Best Matched
							       PCF AR             
80309001 2010 03 09 01 42 55.45 -115.3500 32.2888  7.390  1.14  0.43 14600916 0.147
80309002 2010 03 09 01 48 12.80 -115.3500 32.2888  7.390  1.27  0.57 14600916 0.187
80309003 2010 03 09 01 49 37.55 -115.3500 32.2888  7.390  1.48  1.06 14600916 0.298
80309004 2010 03 09 01 53 12.28 -115.3500 32.2888  7.390  1.16  1.16 14600916 0.141
80309005 2010 03 09 02 49 51.48 -115.3500 32.2888  7.390  1.07  0.50 14600916 0.162
80309006 2010 03 09 03 26 05.80 -115.3500 32.2888  7.390  1.99  1.96 14600916 0.788
80309007 2010 03 09 03 29 05.38 -115.3500 32.2888  7.390  1.25  0.86 14600916 0.350
80309008 2010 03 09 04 25 41.72 -115.3500 32.2888  7.390  1.35  1.15 14600916 0.317
80309009 2010 03 09 04 38 10.85 -115.3500 32.2888  7.390  1.12  0.75 14600916 0.202
80309010 2010 03 09 04 39 05.78 -115.3500 32.2888  7.390  1.18  0.81 14600916 0.260
80309011 2010 03 09 05 10 43.38 -115.3500 32.2888  7.390  1.07  0.63 14600916 0.246
80309012 2010 03 09 05 15 01.65 -115.3500 32.2888  7.390  1.35  1.13 14600916 0.373
80309013 2010 03 09 05 15 42.80 -115.3500 32.2888  7.390  1.06  1.06 14600916 0.154
80309014 2010 03 09 05 22 53.95 -115.3500 32.2888  7.390  1.13  1.13 14600916 0.162
80309015 2010 03 09 06 05 13.40 -115.3500 32.2888  7.390  1.06  0.47 14600916 0.183
80309016 2010 03 09 06 21 48.08 -115.3500 32.2888  7.390  1.01  1.01 14600916 0.148
80309017 2010 03 09 06 22 50.90 -115.3500 32.2888  7.390  0.98  0.35 14600916 0.191
80309018 2010 03 09 06 35 44.70 -115.3500 32.2888  7.390  1.39  1.08 14600916 0.384
80309019 2010 03 09 07 28 03.40 -115.3500 32.2888  7.390  1.41  1.09 14600916 0.358
80310020 2010 03 10 00 57 06.53 -115.3500 32.2888  7.390  1.65  1.35 14600916 0.294
80315021 2010 03 15 02 09 17.62 -115.2812 32.2433  7.780  1.27  0.81 14601196 0.270
14600916 2010 03 15 10 08 46.38 -115.3500 32.2888  7.390  2.18  2.18 14600916 1.000
80315023 2010 03 15 10 11 29.38 -115.3500 32.2888  7.390  1.00  0.71 14600916 0.280
80316024 2010 03 16 11 54 50.93 -115.2812 32.2433  7.780  1.35  0.67 14601196 0.203
14601196 2010 03 16 12 10 03.40 -115.2812 32.2433  7.780  2.02  2.02 14601196 1.000
80316026 2010 03 16 20 28 46.15 -115.3057 32.2827 17.940  1.93  1.10 14601532 0.209
80317027 2010 03 17 09 44 00.57 -115.3022 32.3105  5.800  1.38  0.85 14601540 0.256
80317028 2010 03 17 10 41 02.57 -115.2812 32.2433  7.780  1.79  1.66 14601196 0.545
14601532 2010 03 17 17 01 00.92 -115.3057 32.2827 17.940  3.96  4.08 14601532 1.000
80317030 2010 03 17 17 08 46.03 -115.3022 32.3105  5.800  1.49  1.49 14601540 0.255
14601540 2010 03 17 17 12 48.15 -115.3022 32.3105  5.800  2.52  2.15 14601540 1.000
80317032 2010 03 17 17 48 42.70 -115.3022 32.3105  5.800  1.60  1.35 14601540 0.212
80317033 2010 03 17 18 15 36.03 -115.3045 32.2972 12.900  2.07  2.07 14605204 0.177
80317034 2010 03 17 19 00 17.60 -115.3022 32.3105  5.800  1.55  1.27 14601540 0.378
80317035 2010 03 17 19 52 00.50 -115.2953 32.3175  4.438  1.10  0.48 14601852 0.169
80317036 2010 03 17 20 21 49.65 -115.2889 32.3049  3.180  1.35  0.96 14607340 0.341
80317037 2010 03 17 20 24 52.43 -115.2889 32.3049  3.180  1.18  0.73 14607340 0.294
80318038 2010 03 18 01 06 54.10 -115.2953 32.3175  4.438  0.89  0.27 14601852 0.178
80318039 2010 03 18 02 33 45.00 -115.2839 32.3110  3.552  1.23  0.40 14601748 0.263
80318040 2010 03 18 04 41 07.23 -115.2839 32.3110  3.552  1.19  0.67 14601748 0.373
80318041 2010 03 18 05 38 43.25 -115.2839 32.3110  3.552  1.14  0.21 14601748 0.180
14601748 2010 03 18 05 40 32.95 -115.2839 32.3110  3.552  3.03  3.03 14601748 1.000
10145042 2010 03 18 05 41 18.23 -115.2980 32.3235  5.051  3.15  3.28 10145042 1.000
80318044 2010 03 18 06 01 12.10 -115.2985 32.3258  4.593  0.97  0.88 14601868 0.585
80318045 2010 03 18 06 25 43.95 -115.3147 32.3173  3.690  1.18  0.91 14602988 0.240
80318046 2010 03 18 06 53 35.45 -115.2953 32.3175  4.438  0.69 -0.03 14601852 0.176
80318047 2010 03 18 09 10 47.28 -115.2953 32.3175  4.438  0.78  0.62 14601852 0.456
14601812 2010 03 18 09 12 46.15 -115.2861 32.3128  3.663  1.75  1.54 14601812 1.000
14601852 2010 03 18 10 21 50.00 -115.2953 32.3175  4.438  1.45  1.49 14601852 1.000
14601868 2010 03 18 12 09 00.33 -115.2985 32.3258  4.593  2.38  2.58 14601868 1.000
80318052 2010 03 18 12 20 41.25 -115.2861 32.3128  3.663  1.07  0.80 14601812 0.221
80318053 2010 03 18 12 44 46.18 -115.3098 32.3103  9.090  1.36  1.05 14604588 0.213
80318055 2010 03 18 13 36 43.80 -115.3057 32.2827 17.940  1.85  1.28 14601532 0.329
80319056 2010 03 19 00 41 50.20 -115.3053 32.2630  9.740  0.93  0.50 14607180 0.463
80319057 2010 03 19 00 44 13.15 -115.3053 32.2630  9.740  0.77  0.30 14607180 0.429
80319058 2010 03 19 00 47 48.60 -115.3053 32.2630  9.740  0.92  0.33 14607180 0.372
80319059 2010 03 19 00 48 34.43 -115.3053 32.2630  9.740  0.86  0.45 14607180 0.354
80319060 2010 03 19 02 54 42.85 -115.3053 32.2630  9.740  0.69  0.38 14607180 0.267
80319061 2010 03 19 02 56 16.38 -115.3053 32.2630  9.740  1.08  0.71 14607180 0.215
80319062 2010 03 19 02 56 35.93 -115.3053 32.2630  9.740  0.97  0.68 14607180 0.215
80319063 2010 03 19 04 16 54.65 -115.3053 32.2630  9.740  0.81  0.42 14607180 0.316
80319064 2010 03 19 04 17 00.78 -115.3053 32.2630  9.740  1.00  0.66 14607180 0.688
80319065 2010 03 19 04 18 08.10 -115.3053 32.2630  9.740  0.76  0.35 14607180 0.335
80319066 2010 03 19 05 41 51.65 -115.2953 32.3175  4.438  0.83  0.25 14601852 0.219
80319067 2010 03 19 13 22 18.95 -115.3053 32.2630  9.740  0.75  0.37 14607180 0.352
80320068 2010 03 20 10 45 50.05 -115.3008 32.2795  9.266  1.07  0.69 14605924 0.194
10145122 2010 03 21 06 12 35.45 -115.2980 32.2703  8.240  3.91  4.00 10145122 1.000
80321070 2010 03 21 06 17 53.03 -115.2861 32.3128  3.663  0.80  0.47 14601812 0.227
80321071 2010 03 21 06 30 33.00 -115.3147 32.3173  3.690  0.98  0.59 14602988 0.231
14602988 2010 03 21 06 37 20.00 -115.3147 32.3173  3.690  2.05  1.57 14602988 1.000
80321073 2010 03 21 06 39 53.75 -115.3147 32.3173  3.690  1.02  1.02 14602988 0.162
80321074 2010 03 21 06 40 11.40 -115.2861 32.3128  3.663  0.85  0.55 14601812 0.330
80321075 2010 03 21 06 51 24.45 -115.3053 32.2630  9.740  0.70  0.24 14607180 0.267
80321076 2010 03 21 06 51 44.68 -115.3053 32.2630  9.740  0.85  0.52 14607180 0.331
80321077 2010 03 21 07 04 20.48 -115.3053 32.2630  9.740  0.76  0.53 14607180 0.325
80321078 2010 03 21 07 05 48.00 -115.3053 32.2630  9.740  0.78  0.44 14607180 0.509
80321080 2010 03 21 07 10 48.65 -115.3057 32.2827 17.940  1.44  0.92 14601532 0.166
80321081 2010 03 21 07 12 59.65 -115.2831 32.2883  6.680  1.50  0.77 14607220 0.179
80321082 2010 03 21 08 22 33.45 -115.3053 32.2630  9.740  1.31  1.01 14607180 0.526
80321084 2010 03 21 08 33 39.10 -115.3083 32.3128 11.720  1.04  0.88 14603084 0.456
14603084 2010 03 21 09 17 12.43 -115.3083 32.3128 11.720  1.41  1.34 14603084 1.000
80321087 2010 03 21 09 23 59.95 -115.3083 32.3128 11.720  0.52  0.52 14603084 0.243
80321088 2010 03 21 09 40 52.25 -115.3083 32.3128 11.720  0.92  0.82 14603084 0.649
80321090 2010 03 21 09 45 18.38 -115.3053 32.2630  9.740  0.57  0.07 14607180 0.255
80321091 2010 03 21 11 27 45.12 -115.2881 32.3002  3.858  1.18  0.94 14607372 0.179
80321092 2010 03 21 11 49 35.57 -115.3083 32.3128 11.720  0.56 -0.08 14603084 0.227
80321093 2010 03 21 13 57 54.68 -115.3053 32.2630  9.740  0.86  0.48 14607180 0.356
14603180 2010 03 21 15 25 12.70 -115.3002 32.2492  6.830  3.27  3.61 14603180 1.000
80321096 2010 03 21 15 28 23.12 -115.3198 32.3577  6.800  1.08  0.95 14603212 0.589
80321097 2010 03 21 15 33 10.93 -115.3198 32.3577  6.800  0.63  0.35 14603212 0.339
80321098 2010 03 21 15 33 50.80 -115.2850 32.2805 10.540  1.11  0.00 14603524 0.184
80321099 2010 03 21 15 35 09.32 -115.3198 32.3577  6.800  0.65 -0.08 14603212 0.181
80321100 2010 03 21 15 37 11.60 -115.3087 32.2698  9.190  1.18  0.82 14603996 0.379
80321102 2010 03 21 15 37 25.88 -115.3198 32.3577  6.800  0.96  0.57 14603212 0.282
80321103 2010 03 21 15 39 03.48 -115.3198 32.3577  6.800  0.85 -0.03 14603212 0.229
80321104 2010 03 21 15 39 41.68 -115.3053 32.2630  9.740  0.72  0.35 14607180 0.283
80321106 2010 03 21 15 43 10.48 -115.3198 32.3577  6.800  1.22  1.14 14603212 0.450
14603212 2010 03 21 15 54 42.03 -115.3198 32.3577  6.800  1.58  1.58 14603212 1.000
80321110 2010 03 21 15 56 18.38 -115.3053 32.2630  9.740  0.91  0.58 14607180 0.458
80321112 2010 03 21 15 58 59.53 -115.3053 32.2630  9.740  0.77  0.34 14607180 0.244
80321113 2010 03 21 16 10 10.95 -115.3087 32.2698  9.190  0.91  0.27 14603996 0.200
80321114 2010 03 21 16 23 29.47 -115.2850 32.2805 10.540  1.13  0.70 14603524 0.299
80321116 2010 03 21 16 25 18.38 -115.2901 32.2732  2.161  1.05  0.31 14607132 0.226
80321118 2010 03 21 16 26 37.18 -115.2902 32.2747  1.411  1.15  0.67 14607140 0.185
80321120 2010 03 21 17 06 08.10 -115.3053 32.2630  9.740  1.21  1.16 14607180 0.364
80321122 2010 03 21 19 24 32.15 -115.2953 32.3175  4.438  0.80  0.80 14601852 0.184
80321123 2010 03 21 19 34 00.50 -115.3087 32.2698  9.190  1.19  0.88 14603996 0.443
80321125 2010 03 21 19 52 08.00 -115.2850 32.2805 10.540  1.21  1.02 14603524 0.305
80321127 2010 03 21 19 52 29.82 -115.2850 32.2805 10.540  1.32  1.20 14603524 0.406
80321129 2010 03 21 19 54 27.07 -115.2901 32.2732  2.161  1.12  0.49 14607132 0.211
80321131 2010 03 21 20 12 06.80 -115.2900 32.2726  2.209  0.84  0.67 14603292 0.375
80321132 2010 03 21 20 12 16.15 -115.2907 32.2791 15.377  1.44  0.66 14607260 0.177
80321133 2010 03 21 20 12 22.55 -115.2850 32.2805 10.540  1.36  0.84 14603524 0.289
14603292 2010 03 21 20 14 55.83 -115.2900 32.2726  2.209  1.46  1.74 14603292 1.000
80321137 2010 03 21 20 38 38.30 -115.3087 32.2698  9.190  1.27  0.95 14603996 0.441
80321139 2010 03 21 20 45 28.40 -115.2901 32.2707  2.188  1.26  1.06 14607108 0.377
80321141 2010 03 21 21 29 44.95 -115.2901 32.2707  2.188  0.99  0.39 14607108 0.168
80321142 2010 03 21 21 31 41.50 -115.2863 32.2588 12.880  1.67  0.73 14603532 0.309
80321143 2010 03 21 21 32 10.38 -115.2863 32.2588 12.880  1.29  0.45 14603532 0.176
14603364 2010 03 21 22 37 22.15 -115.2850 32.2948  2.420  1.79  1.67 14603364 1.000
80321146 2010 03 21 23 02 25.57 -115.3047 32.2967  4.390  1.28  0.54 14603372 0.533
14603372 2010 03 21 23 02 55.40 -115.3047 32.2967  4.390  2.03  1.49 14603372 1.000
80321148 2010 03 21 23 05 54.65 -115.3087 32.2698  9.190  1.00  0.63 14603996 0.364
80321149 2010 03 21 23 06 39.10 -115.2890 32.2861 17.386  1.27  1.19 14607164 0.431
80321151 2010 03 21 23 07 08.08 -115.3053 32.2630  9.740  1.20  1.15 14607180 0.416
14603396 2010 03 21 23 10 18.65 -115.2827 32.2687 14.790  3.41  3.43 14603396 1.000
80321156 2010 03 21 23 10 55.40 -115.3053 32.2630  9.740  2.38  2.15 14607180 0.273
80321157 2010 03 21 23 11 52.03 -115.3053 32.2630  9.740  1.31  1.31 14607180 0.250
80321158 2010 03 21 23 13 27.73 -115.3053 32.2630  9.740  0.80  0.66 14607180 0.327
80321160 2010 03 21 23 17 28.53 -115.2910 32.2785 15.427  0.35 -0.05 14603404 0.259
80321162 2010 03 21 23 23 51.90 -115.2910 32.2785 15.427  0.32  0.02 14603404 0.423
80321164 2010 03 21 23 24 37.38 -115.2910 32.2785 15.427  0.54  0.48 14603404 0.623
80321165 2010 03 21 23 30 18.88 -115.2910 32.2785 15.427  0.31 -0.34 14603404 0.197
14603404 2010 03 21 23 33 25.15 -115.2910 32.2785 15.427  1.31  1.31 14603404 1.000
80321168 2010 03 21 23 45 33.90 -115.2887 32.3217  1.620  1.00  0.56 14603412 0.366
14603412 2010 03 21 23 46 08.45 -115.2887 32.3217  1.620  2.22  2.25 14603412 1.000
80321172 2010 03 21 23 48 42.98 -115.3047 32.2967  4.390  1.27  0.48 14603372 0.306
80321174 2010 03 21 23 51 47.95 -115.2910 32.2785 15.427  0.42  0.58 14603404 0.476
80321176 2010 03 21 23 53 19.10 -115.2910 32.2785 15.427  0.70  0.95 14603404 0.573
80322177 2010 03 22 00 02 53.03 -115.3002 32.2762 11.960  1.03  0.64 14607204 0.219
80322178 2010 03 22 00 12 11.85 -115.2850 32.2805 10.540  1.22  1.08 14603524 0.521
80322180 2010 03 22 00 46 13.20 -115.3047 32.2967  4.390  1.15  0.32 14603372 0.200
80322182 2010 03 22 00 53 28.38 -115.2910 32.2785 15.427  1.30  1.29 14603404 0.426
80322183 2010 03 22 00 58 00.48 -115.3053 32.2630  9.740  0.71  0.52 14607180 0.276
80322184 2010 03 22 01 08 11.23 -115.2985 32.2883  8.810  1.22  1.08 14603540 0.596
80322186 2010 03 22 01 14 04.38 -115.2985 32.2883  8.810  1.18  1.07 14603540 0.685
80322187 2010 03 22 01 24 53.22 -115.3198 32.3577  6.800  0.69  0.24 14603212 0.226
80322188 2010 03 22 01 50 56.07 -115.3047 32.2967  4.390  1.24  0.19 14603372 0.213
80322189 2010 03 22 02 21 31.88 -115.2901 32.2707  2.188  0.87  0.51 14607108 0.263
80322190 2010 03 22 02 42 52.35 -115.3087 32.2698  9.190  0.96  0.57 14603996 0.324
80322192 2010 03 22 03 00 07.75 -115.2901 32.2707  2.188  1.47  1.41 14607108 0.583
80322194 2010 03 22 03 01 26.75 -115.2901 32.2707  2.188  0.94  0.54 14607108 0.285
80322195 2010 03 22 03 12 49.50 -115.2743 32.2983 11.160  0.88  0.52 14603476 0.414
14603476 2010 03 22 03 17 14.85 -115.2743 32.2983 11.160  2.34  2.36 14603476 1.000
80322198 2010 03 22 03 20 23.30 -115.3002 32.2762 11.960  1.31  1.21 14607204 0.437
80322200 2010 03 22 03 23 57.05 -115.2743 32.2983 11.160  1.05  0.95 14603476 0.344
80322202 2010 03 22 03 25 38.35 -115.2743 32.2983 11.160  1.12  1.07 14603476 0.408
80322204 2010 03 22 03 40 58.38 -115.3002 32.2762 11.960  1.04  0.54 14607204 0.259
80322205 2010 03 22 03 47 50.45 -115.3087 32.2698  9.190  0.96  0.51 14603996 0.348
14603524 2010 03 22 04 23 38.40 -115.2850 32.2805 10.540  2.48  2.63 14603524 1.000
14603532 2010 03 22 04 28 10.15 -115.2863 32.2588 12.880  3.23  3.21 14603532 1.000
80322209 2010 03 22 04 31 11.83 -115.2890 32.2861 17.386  0.85  0.10 14607164 0.304
80322210 2010 03 22 04 32 25.22 -115.2907 32.2791 15.377  1.53  1.25 14607260 0.808
80322212 2010 03 22 04 42 03.55 -115.2901 32.2732  2.161  0.97  0.46 14607132 0.326
80322214 2010 03 22 04 54 30.12 -115.2850 32.2805 10.540  0.95  0.84 14603524 0.625
80322216 2010 03 22 05 06 48.77 -115.3002 32.2762 11.960  0.91  0.91 14607204 0.232
14603540 2010 03 22 05 14 41.80 -115.2985 32.2883  8.810  2.70  2.84 14603540 1.000
80322218 2010 03 22 05 22 48.20 -115.2850 32.2948  2.420  0.66 -0.03 14603364 0.237
80322219 2010 03 22 05 33 35.35 -115.2901 32.2707  2.188  0.77  0.77 14607108 0.197
80322220 2010 03 22 05 45 07.57 -115.2887 32.3217  1.620  0.90  0.75 14603412 0.488
80322222 2010 03 22 05 47 48.82 -115.2901 32.2707  2.188  1.07  0.91 14607108 0.511
80322224 2010 03 22 06 12 01.75 -115.2901 32.2707  2.188  0.78  0.00 14607108 0.210
80322225 2010 03 22 06 18 54.62 -115.2901 32.2707  2.188  1.46  1.30 14607108 0.751
80322227 2010 03 22 06 34 41.65 -115.2890 32.2861 17.386  1.40  1.14 14607164 0.555
80322228 2010 03 22 06 34 58.73 -115.2890 32.2861 17.386  1.09  0.78 14607164 0.381
80322229 2010 03 22 06 38 46.28 -115.2953 32.3175  4.438  0.80  0.61 14601852 0.255
80322230 2010 03 22 06 44 30.15 -115.2901 32.2732  2.161  1.91  1.65 14607132 0.624
80322232 2010 03 22 07 09 34.85 -115.2909 32.2780 15.544  1.84  1.59 14607244 0.564
80322233 2010 03 22 07 56 07.70 -115.3002 32.2762 11.960  0.97  0.62 14607204 0.469
80322234 2010 03 22 08 25 36.62 -115.2901 32.2707  2.188  1.04  0.82 14607108 0.721
80322236 2010 03 22 08 26 03.55 -115.2901 32.2707  2.188  0.70  0.28 14607108 0.354
80322238 2010 03 22 09 18 51.90 -115.2887 32.3217  1.620  0.67  0.18 14603412 0.292
80322239 2010 03 22 09 31 26.15 -115.2907 32.2791 15.377  0.95  0.21 14607260 0.269
80322240 2010 03 22 09 36 05.07 -115.2907 32.2791 15.377  0.90  0.37 14607260 0.466
80322242 2010 03 22 10 12 26.55 -115.2900 32.2726  2.209  0.56  0.39 14603292 0.619
80322243 2010 03 22 10 21 11.03 -115.2743 32.2983 11.160  0.81  0.15 14603476 0.173
80322244 2010 03 22 10 21 34.22 -115.2890 32.2861 17.386  0.90 -0.03 14607164 0.222
80322245 2010 03 22 10 22 26.97 -115.2890 32.2861 17.386  0.98  0.44 14607164 0.400
80322246 2010 03 22 10 31 26.05 -115.2901 32.2707  2.188  0.97  0.72 14607108 0.686
80322248 2010 03 22 10 43 38.62 -115.3002 32.2762 11.960  1.13  1.13 14607204 0.257
80322249 2010 03 22 12 06 47.73 -115.2890 32.2861 17.386  1.38  1.12 14607164 0.579
80322250 2010 03 22 13 23 59.40 -115.3198 32.3577  6.800  0.81  0.76 14603212 0.491
80322251 2010 03 22 13 37 49.75 -115.2905 32.2690  1.814  1.21  0.94 14607268 0.412
80322252 2010 03 22 17 27 38.97 -115.2901 32.2707  2.188  1.14  0.98 14607108 0.539
80322254 2010 03 22 18 09 01.15 -115.3087 32.2698  9.190  1.11  0.61 14603996 0.234
80322255 2010 03 22 18 15 04.62 -115.2850 32.2805 10.540  1.21  0.89 14603524 0.336
80322257 2010 03 22 20 57 44.98 -115.3022 32.2413 12.100  1.45  1.32 14607276 0.424
80322258 2010 03 22 20 58 12.07 -115.3022 32.2413 12.100  1.18  0.67 14607276 0.205
80322259 2010 03 22 22 29 09.05 -115.2901 32.3104  5.411  1.34  0.54 14605412 0.234
80322260 2010 03 22 22 45 34.62 -115.2901 32.2707  2.188  1.48  1.27 14607108 0.371
80323261 2010 03 23 00 35 44.45 -115.2901 32.2732  2.161  1.39  0.94 14607132 0.263
80323262 2010 03 23 01 25 15.62 -115.2850 32.2805 10.540  1.09  0.79 14603524 0.217
80323263 2010 03 23 04 17 20.83 -115.2901 32.2707  2.188  1.47  1.29 14607108 0.665
80323265 2010 03 23 04 22 26.68 -115.2901 32.2707  2.188  1.19  0.52 14607108 0.227
80323266 2010 03 23 05 48 54.23 -115.2947 32.2827  8.340  1.06  0.55 30677759 0.220
80323267 2010 03 23 05 56 07.65 -115.2890 32.2861 17.386  1.22  0.24 14607164 0.162
80323268 2010 03 23 07 00 47.45 -115.2850 32.2805 10.540  1.03  0.55 14603524 0.183
80323269 2010 03 23 07 36 11.60 -115.3087 32.2698  9.190  1.01  0.61 14603996 0.417
80323270 2010 03 23 07 58 20.40 -115.3053 32.2630  9.740  1.19  0.96 14607180 0.394
80323271 2010 03 23 08 30 06.97 -115.3053 32.2630  9.740  0.80  0.30 14607180 0.432
80323272 2010 03 23 08 30 51.25 -115.3053 32.2630  9.740  1.51  1.24 14607180 0.734
80323273 2010 03 23 08 31 40.62 -115.3053 32.2630  9.740  0.92  0.32 14607180 0.328
80323274 2010 03 23 09 38 19.85 -115.2885 32.3159  8.596  1.03  0.35 14606228 0.183
80323275 2010 03 23 11 03 26.50 -115.3053 32.2630  9.740  1.04  0.75 14607180 0.361
80323276 2010 03 23 11 04 13.45 -115.2947 32.2827  8.340  0.98  0.32 30677759 0.157
80323277 2010 03 23 11 35 00.53 -115.3053 32.2630  9.740  1.29  1.10 14607180 0.249
80323278 2010 03 23 12 36 27.80 -115.2895 32.3154  8.944  1.01  0.56 14607556 0.215
80323279 2010 03 23 17 30 50.97 -115.2901 32.2732  2.161  1.74  1.38 14607132 0.472
80323281 2010 03 23 17 31 01.47 -115.2901 32.2732  2.161  1.69  1.28 14607132 0.360
14603996 2010 03 23 18 38 05.20 -115.3087 32.2698  9.190  2.16  1.92 14603996 1.000
80323285 2010 03 23 18 38 37.53 -115.3053 32.2630  9.740  1.21  0.97 14607180 0.368
80323286 2010 03 23 18 39 03.30 -115.3087 32.2698  9.190  2.06  1.84 14603996 0.692
80323287 2010 03 23 18 39 47.73 -115.3087 32.2698  9.190  1.27  0.68 14603996 0.345
80323288 2010 03 23 18 41 37.15 -115.3087 32.2698  9.190  1.24  0.63 14603996 0.300
80323289 2010 03 23 19 03 24.60 -115.3087 32.2698  9.190  1.43  0.95 14603996 0.457
80323290 2010 03 23 19 08 21.25 -115.3087 32.2698  9.190  1.21  0.64 14603996 0.262
80323291 2010 03 23 19 37 52.18 -115.2907 32.2791 15.377  1.41  0.87 14607260 0.351
80323293 2010 03 23 21 38 17.32 -115.2947 32.2827  8.340  1.75  1.64 30677759 0.635
80323294 2010 03 23 21 47 50.50 -115.2947 32.2827  8.340  1.29  0.80 30677759 0.289
80324295 2010 03 24 01 18 29.47 -115.3022 32.2413 12.100  0.97  0.63 14607276 0.347
80324296 2010 03 24 01 20 16.70 -115.3022 32.2413 12.100  1.37  1.08 14607276 0.573
80324297 2010 03 24 01 25 31.70 -115.2902 32.2747  1.411  1.14  0.57 14607140 0.215
80324298 2010 03 24 02 23 01.65 -115.2953 32.3175  4.438  0.83  0.57 14601852 0.283
80324299 2010 03 24 06 11 50.95 -115.2861 32.3128  3.663  1.15  0.88 14601812 0.530
80324300 2010 03 24 06 12 35.30 -115.2861 32.3128  3.663  0.85  0.24 14601812 0.173
80324301 2010 03 24 06 25 45.55 -115.2901 32.3104  5.411  0.88  0.29 14605412 0.208
80324302 2010 03 24 06 49 01.38 -115.3022 32.2413 12.100  0.82  0.38 14607276 0.222
80324303 2010 03 24 08 02 41.43 -115.2917 32.2843 16.661  0.90 -0.07 14604732 0.144
80324304 2010 03 24 08 22 52.75 -115.3087 32.2698  9.190  0.91  0.39 14603996 0.576
80324305 2010 03 24 08 28 12.30 -115.2861 32.3128  3.663  1.07  0.81 14601812 0.460
80324306 2010 03 24 13 01 00.08 -115.3002 32.2762 11.960  1.15  0.55 14607204 0.216
80324307 2010 03 24 13 51 32.03 -115.3022 32.2413 12.100  1.07  1.07 14607276 0.196
80324308 2010 03 24 13 51 36.05 -115.3022 32.2413 12.100  0.96  0.70 14607276 0.243
80324309 2010 03 24 13 54 38.03 -115.2985 32.2883  8.810  1.43  1.34 14603540 0.452
80324310 2010 03 24 14 01 16.30 -115.2901 32.2707  2.188  1.01  1.01 14607108 0.176
80324311 2010 03 24 14 29 15.53 -115.3002 32.2762 11.960  1.07  0.62 14607204 0.199
80324312 2010 03 24 15 32 59.78 -115.3053 32.2630  9.740  0.89  0.46 14607180 0.291
80324313 2010 03 24 16 09 45.08 -115.3087 32.2698  9.190  1.20  0.57 14603996 0.220
80324314 2010 03 24 16 40 31.45 -115.3022 32.2413 12.100  1.55  1.47 14607276 0.406
80324315 2010 03 24 18 00 09.90 -115.3022 32.2413 12.100  1.17  0.94 14607276 0.247
80324316 2010 03 24 18 24 56.40 -115.3002 32.2762 11.960  1.45  1.05 14607204 0.318
80324317 2010 03 24 20 39 59.10 -115.3047 32.2967  4.390  1.42  0.44 14603372 0.315
80324318 2010 03 24 22 57 53.68 -115.3002 32.2762 11.960  1.82  1.75 14607204 0.364
80324319 2010 03 24 23 04 15.78 -115.2850 32.2805 10.540  1.08  0.24 14603524 0.196
80324320 2010 03 24 23 36 54.25 -115.2895 32.2808 15.675  1.43  0.65 10169070 0.263
80325321 2010 03 25 03 26 01.60 -115.3002 32.2762 11.960  1.52  1.06 14607204 0.402
80325322 2010 03 25 06 23 37.88 -115.2917 32.2843 16.661  0.89  0.07 14604732 0.151
80325323 2010 03 25 07 55 07.50 -115.2863 32.2588 12.880  1.70  1.34 14603532 0.315
80325324 2010 03 25 08 11 57.85 -115.3053 32.2630  9.740  1.22  0.95 14607180 0.442
80325325 2010 03 25 09 08 15.70 -115.3053 32.2630  9.740  1.41  1.18 14607180 0.408
14604588 2010 03 25 11 55 38.95 -115.3098 32.3103  9.090  1.73  1.61 14604588 1.000
80325327 2010 03 25 17 37 53.07 -115.3053 32.2630  9.740  1.06  0.73 14607180 0.338
80325328 2010 03 25 17 45 49.70 -115.3053 32.2630  9.740  0.85  0.64 14607180 0.308
80325329 2010 03 25 17 45 57.55 -115.3053 32.2630  9.740  0.88  0.88 14607180 0.214
14604732 2010 03 25 20 26 25.62 -115.2917 32.2843 16.661  2.61  2.76 14604732 1.000
80325332 2010 03 25 20 27 18.95 -115.2874 32.2837 15.300  1.54  1.54 14605060 0.154
80325333 2010 03 25 20 51 11.70 -115.2893 32.2761  1.242  1.11  0.58 14607212 0.200
80325334 2010 03 25 23 44 19.80 -115.2947 32.2827  8.340  1.36  0.90 30677759 0.336
80326335 2010 03 26 04 28 43.05 -115.2890 32.2861 17.386  1.39  1.11 14607164 0.390
80326336 2010 03 26 04 32 17.28 -115.3087 32.2698  9.190  1.32  0.51 14603996 0.205
80326337 2010 03 26 04 44 33.03 -115.3053 32.2630  9.740  1.28  1.07 14607180 0.351
80326338 2010 03 26 04 44 49.80 -115.3053 32.2630  9.740  1.29  0.98 14607180 0.317
80326339 2010 03 26 04 48 27.68 -115.3053 32.2630  9.740  0.90  0.38 14607180 0.254
80326341 2010 03 26 04 51 28.00 -115.3053 32.2630  9.740  1.88  1.75 14607180 0.603
80326343 2010 03 26 05 08 18.08 -115.3053 32.2630  9.740  0.85  0.40 14607180 0.291
80326344 2010 03 26 05 24 55.78 -115.3022 32.2413 12.100  1.26  0.91 14607276 0.316
80326345 2010 03 26 05 24 59.90 -115.3022 32.2413 12.100  1.35  1.17 14607276 0.458
80326346 2010 03 26 06 46 45.55 -115.2885 32.3159  8.596  1.22  0.52 14606228 0.173
80326347 2010 03 26 09 28 59.25 -115.2874 32.2837 15.300  1.48  1.18 14605060 0.576
80326348 2010 03 26 12 51 16.18 -115.3022 32.2413 12.100  1.11  0.92 14607276 0.255
80326349 2010 03 26 14 31 08.35 -115.2885 32.3159  8.596  1.45  1.07 14606228 0.432
80326350 2010 03 26 15 10 30.15 -115.3050 32.2922 14.310  1.57  0.69 14607564 0.203
80326351 2010 03 26 19 12 32.25 -115.3050 32.2922 14.310  1.32  0.76 14607564 0.267
80326352 2010 03 26 20 55 48.03 -115.2885 32.3159  8.596  1.31  0.94 14606228 0.328
80326353 2010 03 26 20 56 09.05 -115.2885 32.3159  8.596  1.35  0.78 14606228 0.216
80326354 2010 03 26 20 56 25.00 -115.2896 32.3141  8.704  1.57  1.21 14605636 0.425
80326355 2010 03 26 20 57 19.75 -115.2885 32.3159  8.596  1.25  0.69 14606228 0.198
14605060 2010 03 27 00 29 26.15 -115.2874 32.2837 15.300  2.61  2.66 14605060 1.000
80327357 2010 03 27 00 34 35.30 -115.2874 32.2837 15.300  1.04  0.10 14605060 0.190
80327359 2010 03 27 00 42 05.03 -115.3087 32.2698  9.190  1.77  1.42 14603996 0.438
80327360 2010 03 27 01 27 21.53 -115.3050 32.2922 14.310  0.97  0.50 14607564 0.198
80327361 2010 03 27 01 44 21.23 -115.2885 32.3159  8.596  1.01  0.61 14606228 0.265
80327362 2010 03 27 02 33 13.58 -115.2917 32.2843 16.661  1.01  0.15 14604732 0.177
80327363 2010 03 27 04 14 10.88 -115.3050 32.2922 14.310  1.60  1.32 14607564 0.696
80327364 2010 03 27 04 15 39.30 -115.3050 32.2922 14.310  0.96  0.62 14607564 0.402
80327365 2010 03 27 04 26 23.53 -115.2885 32.3159  8.596  1.12  1.12 14606228 0.189
80327366 2010 03 27 04 49 24.90 -115.2885 32.3159  8.596  1.04  0.67 14606228 0.387
80327367 2010 03 27 04 56 25.10 -115.2896 32.3141  8.704  1.04  0.52 14605636 0.257
80327368 2010 03 27 05 52 29.65 -115.2896 32.3141  8.704  1.01  0.48 14605636 0.328
80327369 2010 03 27 07 13 13.15 -115.2917 32.2843 16.661  0.73 -0.12 14604732 0.143
80327370 2010 03 27 07 29 50.80 -115.3053 32.2630  9.740  0.80  0.57 14607180 0.320
80327371 2010 03 27 12 55 18.55 -115.3098 32.3103  9.090  0.96  0.56 14604588 0.173
14605204 2010 03 27 15 05 11.65 -115.3045 32.2972 12.900  3.57  3.42 14605204 1.000
80327373 2010 03 27 16 26 23.93 -115.2885 32.3159  8.596  1.44  0.81 14606228 0.231
80327374 2010 03 27 22 32 17.10 -115.3050 32.2922 14.310  1.20  0.80 14607564 0.355
80328375 2010 03 28 00 41 19.93 -115.2909 32.2785 15.413  1.42  0.80 14607284 0.271
80328376 2010 03 28 00 45 03.48 -115.2900 32.3089  4.088  0.94  0.47 14607540 0.262
80328377 2010 03 28 01 53 16.43 -115.2885 32.3159  8.596  1.00  0.46 14606228 0.219
80328378 2010 03 28 04 03 41.68 -115.3050 32.2922 14.310  0.99  0.32 14607564 0.199
80328379 2010 03 28 04 36 34.85 -115.2885 32.3159  8.596  1.03  0.50 14606228 0.262
80328380 2010 03 28 04 47 37.93 -115.3008 32.2795  9.266  1.10  0.66 14605924 0.196
80328381 2010 03 28 06 53 08.85 -115.2885 32.3159  8.596  1.08  0.62 14606228 0.303
80328382 2010 03 28 07 08 03.48 -115.3050 32.2922 14.310  1.09  0.61 14607564 0.339
80328383 2010 03 28 07 14 24.45 -115.2885 32.3159  8.596  1.03  0.45 14606228 0.269
80328384 2010 03 28 08 13 02.05 -115.2917 32.2843 16.661  0.95 -0.07 14604732 0.190
14605412 2010 03 28 08 16 58.15 -115.2901 32.3104  5.411  1.93  1.91 14605412 1.000
80328386 2010 03 28 08 18 11.83 -115.2901 32.3104  5.411  1.50  1.32 14605412 0.779
80328387 2010 03 28 08 23 26.60 -115.2901 32.3104  5.411  1.02  0.76 14605412 0.537
80328388 2010 03 28 08 23 42.90 -115.2901 32.3104  5.411  1.11  0.26 14605412 0.235
80328389 2010 03 28 08 24 25.12 -115.2901 32.3104  5.411  1.51  1.28 14605412 0.588
80328390 2010 03 28 08 25 11.15 -115.2901 32.3104  5.411  1.07  0.83 14605412 0.532
80328391 2010 03 28 08 28 57.50 -115.2901 32.3104  5.411  1.29  1.04 14605412 0.483
80328392 2010 03 28 08 30 40.45 -115.2901 32.3104  5.411  1.21  0.97 14605412 0.616
80328393 2010 03 28 08 31 32.40 -115.2901 32.3104  5.411  1.09  0.66 14605412 0.398
80328394 2010 03 28 08 31 58.03 -115.2901 32.3104  5.411  0.98  0.07 14605412 0.167
80328395 2010 03 28 08 48 25.95 -115.3022 32.2413 12.100  0.71  0.18 14607276 0.206
80328396 2010 03 28 09 01 02.90 -115.3053 32.2630  9.740  0.72  0.40 14607180 0.310
80328397 2010 03 28 09 01 39.55 -115.3053 32.2630  9.740  0.60  0.17 14607180 0.227
80328398 2010 03 28 09 12 30.38 -115.3050 32.2922 14.310  1.25  1.03 14607564 0.534
80328399 2010 03 28 09 14 51.42 -115.2900 32.3164  8.489  0.95  0.65 14607524 0.375
80328400 2010 03 28 09 14 56.88 -115.2901 32.3104  5.411  0.98  0.30 14605412 0.201
80328401 2010 03 28 09 29 52.30 -115.2947 32.2827  8.340  1.55  1.36 30677759 0.648
80328402 2010 03 28 09 31 22.70 -115.2947 32.2827  8.340  1.02  0.62 30677759 0.408
80328403 2010 03 28 10 27 32.60 -115.2895 32.3154  8.944  0.93  0.13 14607556 0.185
80328404 2010 03 28 11 58 35.70 -115.2953 32.3175  4.438  0.74  0.35 14601852 0.192
80328405 2010 03 28 12 29 10.05 -115.3022 32.2413 12.100  0.75  0.37 14607276 0.278
80328406 2010 03 28 14 31 13.70 -115.3022 32.2413 12.100  1.50  1.27 14607276 0.293
80328407 2010 03 28 17 50 37.80 -115.3022 32.2413 12.100  1.05  0.75 14607276 0.235
80328408 2010 03 28 23 32 11.40 -115.2885 32.3159  8.596  1.14  0.66 14606228 0.284
80328409 2010 03 28 23 48 28.55 -115.2917 32.2843 16.661  0.96  0.17 14604732 0.148
80328410 2010 03 28 23 51 43.12 -115.2885 32.3159  8.596  1.15  0.78 14606228 0.333
80329411 2010 03 29 00 54 21.32 -115.3022 32.2413 12.100  0.87  0.36 14607276 0.210
80329412 2010 03 29 01 45 04.40 -115.2885 32.3159  8.596  1.39  1.09 14606228 0.714
80329413 2010 03 29 01 45 20.65 -115.2885 32.3159  8.596  1.17  1.17 14606228 0.225
80329414 2010 03 29 01 49 14.10 -115.2885 32.3159  8.596  1.22  0.98 14606228 0.505
80329415 2010 03 29 02 26 57.93 -115.2885 32.3159  8.596  1.06  0.76 14606228 0.330
80329416 2010 03 29 02 34 21.28 -115.2885 32.3159  8.596  0.98  0.41 14606228 0.263
80329417 2010 03 29 02 34 33.10 -115.2901 32.2707  2.188  0.84  0.16 14607108 0.193
80329418 2010 03 29 02 39 39.75 -115.2909 32.2785 15.413  1.22  0.56 14607284 0.244
80329419 2010 03 29 04 49 32.85 -115.2874 32.2837 15.300  0.86  0.42 14605060 0.250
14605636 2010 03 29 05 34 49.98 -115.2896 32.3141  8.704  1.98  1.68 14605636 1.000
80329421 2010 03 29 05 36 10.43 -115.2885 32.3159  8.596  1.64  1.34 14606228 0.648
80329422 2010 03 29 05 39 51.00 -115.2885 32.3159  8.596  1.06  0.45 14606228 0.216
80329423 2010 03 29 05 44 39.05 -115.2896 32.3141  8.704  1.03  0.18 14605636 0.190
70329424 2010 03 29 05 46 14.32 -115.2895 32.3154  8.944  0.84  0.08 14607556 0.166
80329424 2010 03 29 06 45 37.03 -115.2896 32.3141  8.704  1.05  0.65 14605636 0.357
80329425 2010 03 29 07 08 45.70 -115.2885 32.3159  8.596  1.34  1.05 14606228 0.477
80329426 2010 03 29 07 44 12.48 -115.2885 32.3159  8.596  1.04  0.41 14606228 0.397
80329428 2010 03 29 09 51 02.95 -115.2985 32.2883  8.810  1.58  1.54 14603540 0.594
80329429 2010 03 29 09 58 34.30 -115.2885 32.3159  8.596  1.41  1.07 14606228 0.707
80329430 2010 03 29 12 31 16.70 -115.2896 32.3141  8.704  1.09  1.09 14605636 0.181
80329431 2010 03 29 13 43 06.50 -115.2885 32.3159  8.596  1.15  0.59 14606228 0.225
80329432 2010 03 29 16 38 11.60 -115.3098 32.3103  9.090  1.15  0.54 14604588 0.168
80329433 2010 03 29 17 44 25.93 -115.2885 32.3159  8.596  1.20  0.67 14606228 0.187
80329434 2010 03 29 21 12 32.85 -115.2885 32.3159  8.596  1.21  0.89 14606228 0.199
80329435 2010 03 29 21 24 34.70 -115.2896 32.3141  8.704  1.35  0.86 14605636 0.258
14605924 2010 03 29 22 43 18.55 -115.3008 32.2795  9.266  2.21  1.75 14605924 1.000
80329437 2010 03 29 23 42 42.78 -115.2885 32.3159  8.596  1.04  0.62 14606228 0.325
80330438 2010 03 30 02 29 50.33 -115.2895 32.3154  8.944  1.41  1.14 14607556 0.579
80330439 2010 03 30 02 39 41.53 -115.2885 32.3159  8.596  1.38  1.01 14606228 0.537
80330440 2010 03 30 02 56 30.07 -115.2896 32.3141  8.704  1.26  0.83 14605636 0.335
80330441 2010 03 30 04 09 41.92 -115.2900 32.3164  8.489  1.04  1.04 14607524 0.143
80330442 2010 03 30 04 11 20.90 -115.3050 32.2922 14.310  1.17  0.56 14607564 0.223
80330443 2010 03 30 04 22 56.25 -115.3050 32.2922 14.310  1.18  0.44 14607564 0.206
80330444 2010 03 30 08 36 40.03 -115.2861 32.3128  3.663  1.57  1.25 14601812 0.237
80330445 2010 03 30 08 49 17.32 -115.2861 32.3128  3.663  1.27  0.86 14601812 0.179
80330446 2010 03 30 08 51 43.28 -115.2861 32.3128  3.663  1.21  0.77 14601812 0.228
80330447 2010 03 30 09 21 59.55 -115.2881 32.3002  3.858  1.22  0.74 14607372 0.186
80330448 2010 03 30 10 08 19.15 -115.2881 32.3002  3.858  1.21  0.74 14607372 0.212
80330449 2010 03 30 14 29 31.58 -115.2909 32.2785 15.413  1.90  1.51 14607284 0.407
80330450 2010 03 30 14 29 57.18 -115.2909 32.2785 15.413  1.70  1.10 14607284 0.293
80330451 2010 03 30 22 41 34.07 -115.2953 32.3175  4.438  1.38  1.27 14601852 0.402
80331452 2010 03 31 01 01 43.45 -115.3050 32.2922 14.310  1.43  0.96 14607564 0.370
80331453 2010 03 31 01 25 53.75 -115.2895 32.3154  8.944  1.38  0.45 14607556 0.166
14606228 2010 03 31 02 32 53.58 -115.2885 32.3159  8.596  2.16  2.03 14606228 1.000
80331455 2010 03 31 02 33 11.72 -115.2885 32.3159  8.596  1.76  1.24 14606228 0.250
80331456 2010 03 31 02 36 02.65 -115.2885 32.3159  8.596  1.46  1.10 14606228 0.650
80331457 2010 03 31 02 45 56.10 -115.2885 32.3159  8.596  1.27  0.86 14606228 0.237
80331458 2010 03 31 02 51 27.05 -115.2885 32.3159  8.596  1.92  1.62 14606228 0.695
80331459 2010 03 31 05 07 33.70 -115.2895 32.3154  8.944  1.30  1.13 14607556 0.592
80401466 2010 04 01 19 09 13.60 -115.2917 32.2843 16.661  1.31  1.08 14604732 0.460
80401467 2010 04 01 21 31 58.53 -115.3050 32.2922 14.310  1.43  1.11 14607564 0.614
80401468 2010 04 01 21 32 46.33 -115.3050 32.2922 14.310  1.13  0.79 14607564 0.384
80401469 2010 04 01 21 38 19.10 -115.3050 32.2922 14.310  1.25  0.74 14607564 0.300
80402470 2010 04 02 22 08 39.88 -115.3050 32.2922 14.310  1.16  0.60 14607564 0.304
80403471 2010 04 03 05 32 57.75 -115.3022 32.2413 12.100  0.91  0.41 14607276 0.252
80403472 2010 04 03 05 50 00.23 -115.3022 32.2413 12.100  0.98  0.44 14607276 0.239
80403473 2010 04 03 05 51 35.15 -115.3022 32.2413 12.100  0.98  0.59 14607276 0.283
80403474 2010 04 03 05 53 19.98 -115.3022 32.2413 12.100  1.13  0.90 14607276 0.386
80403475 2010 04 03 07 38 35.43 -115.3022 32.2413 12.100  0.83  0.28 14607276 0.249
80403476 2010 04 03 10 33 26.97 -115.3022 32.2413 12.100  0.95  0.47 14607276 0.308
80403477 2010 04 03 12 42 00.43 -115.2896 32.3141  8.704  1.08  0.33 14605636 0.205
80403478 2010 04 03 12 43 59.15 -115.2896 32.3141  8.704  1.03  0.42 14605636 0.198
80403479 2010 04 03 14 14 25.85 -115.2901 32.2707  2.188  0.98  0.59 14607108 0.352
80403480 2010 04 03 14 50 46.68 -115.2901 32.2707  2.188  0.92  0.53 14607108 0.226
80403481 2010 04 03 15 36 10.80 -115.3002 32.2762 11.960  1.05  0.54 14607204 0.260
80403482 2010 04 03 15 36 17.60 -115.3002 32.2762 11.960  1.04  1.04 14607204 0.202
80403483 2010 04 03 15 36 28.98 -115.3002 32.2762 11.960  1.15  0.54 14607204 0.305
80403484 2010 04 03 15 43 19.48 -115.2901 32.2707  2.188  1.73  1.63 14607108 0.845
14607108 2010 04 03 15 44 46.95 -115.2901 32.2707  2.188  1.96  1.91 14607108 1.000
80403488 2010 04 03 15 45 30.15 -115.2901 32.2707  2.188  1.28  0.47 14607108 0.236
80403489 2010 04 03 15 45 48.78 -115.2901 32.2707  2.188  1.08  0.33 14607108 0.223
80403490 2010 04 03 15 45 54.62 -115.2901 32.2707  2.188  1.06  0.57 14607108 0.299
80403491 2010 04 03 15 48 44.93 -115.2901 32.2707  2.188  0.92  0.35 14607108 0.248
80403492 2010 04 03 15 54 46.20 -115.2901 32.2707  2.188  1.26  1.02 14607108 0.597
14607132 2010 04 03 16 55 22.70 -115.2901 32.2732  2.161  1.90  1.67 14607132 1.000
14607140 2010 04 03 17 03 34.90 -115.2902 32.2747  1.411  2.07  1.63 14607140 1.000
80403497 2010 04 03 17 03 44.98 -115.2902 32.2747  1.411  1.94  1.51 14607140 0.544
80403499 2010 04 03 18 33 03.00 -115.3053 32.2630  9.740  0.68  0.15 14607180 0.238
80403500 2010 04 03 18 49 11.75 -115.2901 32.2732  2.161  1.08  0.44 14607132 0.282
80403502 2010 04 03 19 03 27.93 -115.2907 32.2791 15.377  1.73  1.28 14607260 0.417
80403504 2010 04 03 19 06 44.35 -115.2907 32.2791 15.377  1.65  1.24 14607260 0.406
80403506 2010 04 03 19 07 03.73 -115.2909 32.2780 15.544  1.36  0.73 14607244 0.211
80403508 2010 04 03 19 07 24.68 -115.2907 32.2791 15.377  2.11  1.90 14607260 0.517
80403510 2010 04 03 19 08 12.90 -115.2850 32.2805 10.540  1.75  1.86 14603524 0.618
80403512 2010 04 03 19 32 13.03 -115.3022 32.2413 12.100  0.96  0.27 14607276 0.186
80403513 2010 04 03 19 33 18.80 -115.2907 32.2791 15.377  1.19  0.53 14607260 0.252
80403514 2010 04 03 19 35 25.48 -115.3022 32.2413 12.100  1.12  1.01 14607276 0.509
80403515 2010 04 03 19 38 11.15 -115.2890 32.2861 17.386  1.14  1.14 14607164 0.178
14607164 2010 04 03 19 38 51.40 -115.2890 32.2861 17.386  2.71  2.76 14607164 1.000
80403518 2010 04 03 19 39 54.07 -115.3087 32.2698  9.190  1.61  1.00 14603996 0.333
80403519 2010 04 03 19 40 52.20 -115.3087 32.2698  9.190  1.32  0.94 14603996 0.688
80403520 2010 04 03 19 41 01.60 -115.3087 32.2698  9.190  1.33  0.82 14603996 0.538
80403521 2010 04 03 19 41 34.10 -115.3022 32.2413 12.100  1.36  1.05 14607276 0.406
80403522 2010 04 03 19 48 34.30 -115.3087 32.2698  9.190  0.92  0.20 14603996 0.230
80403523 2010 04 03 20 09 27.75 -115.3022 32.2413 12.100  1.09  0.81 14607276 0.455
14607180 2010 04 03 20 18 03.78 -115.3053 32.2630  9.740  1.55  1.37 14607180 1.000
80403525 2010 04 03 20 21 20.35 -115.3053 32.2630  9.740  0.75  0.39 14607180 0.375
80403526 2010 04 03 20 29 03.43 -115.2901 32.2707  2.188  1.03  0.42 14607108 0.253
80403527 2010 04 03 20 42 13.15 -115.2909 32.2780 15.544  1.28  0.88 14607244 0.415
14607188 2010 04 03 20 49 04.93 -115.3032 32.2973 16.140  3.27  3.23 14607188 1.000
80403529 2010 04 03 20 49 57.07 -115.2863 32.2588 12.880  2.16  1.55 14603532 0.254
80403530 2010 04 03 20 51 00.57 -115.2901 32.2732  2.161  1.47  1.12 14607132 0.295
80403531 2010 04 03 20 51 18.30 -115.3022 32.2413 12.100  1.86  1.81 14607276 0.487
80403532 2010 04 03 21 08 37.23 -115.3022 32.2413 12.100  1.06  0.61 14607276 0.217
80403533 2010 04 03 21 09 51.80 -115.3053 32.2630  9.740  0.76  0.40 14607180 0.303
80403534 2010 04 03 21 12 11.90 -115.3053 32.2630  9.740  0.91  0.62 14607180 0.357
80403535 2010 04 03 21 23 42.62 -115.3053 32.2630  9.740  0.77  0.28 14607180 0.272
80403536 2010 04 03 21 24 11.45 -115.3053 32.2630  9.740  0.88  0.56 14607180 0.435
80403537 2010 04 03 21 29 21.30 -115.2909 32.2780 15.544  1.83  1.53 14607244 0.754
80403539 2010 04 03 21 29 45.78 -115.2909 32.2780 15.544  1.39  0.69 14607244 0.246
80403540 2010 04 03 21 41 21.32 -115.2909 32.2780 15.544  1.26  0.50 14607244 0.251
80403541 2010 04 03 21 46 57.93 -115.3022 32.2413 12.100  1.06  0.63 14607276 0.222
80403542 2010 04 03 21 47 34.55 -115.3022 32.2413 12.100  1.05  0.43 14607276 0.196
80403543 2010 04 03 21 52 44.75 -115.2909 32.2780 15.544  1.39  1.01 14607244 0.396
80403544 2010 04 03 21 55 01.30 -115.2909 32.2780 15.544  1.29  0.57 14607244 0.239
80403545 2010 04 03 22 04 45.50 -115.2901 32.2707  2.188  1.15  0.87 14607108 0.451
80403547 2010 04 03 22 11 48.58 -115.2893 32.2761  1.242  1.05  0.90 14607212 0.356
80403549 2010 04 03 22 14 48.20 -115.2893 32.2761  1.242  1.15  0.88 14607212 0.392
14607204 2010 04 03 22 16 47.60 -115.3002 32.2762 11.960  2.09  1.88 14607204 1.000
80403553 2010 04 03 22 25 49.65 -115.3002 32.2762 11.960  1.79  1.50 14607204 0.487
80403554 2010 04 03 22 38 45.98 -115.2907 32.2791 15.377  1.26  0.58 14607260 0.293
80403556 2010 04 03 22 39 05.85 -115.2907 32.2791 15.377  1.24  0.74 14607260 0.311
80403558 2010 04 03 22 46 59.88 -115.2893 32.2761  1.242  0.99  0.22 14607212 0.169
80403559 2010 04 03 22 47 39.03 -115.2893 32.2761  1.242  1.28  0.72 14607212 0.281
14607212 2010 04 03 22 47 45.55 -115.2893 32.2761  1.242  1.96  1.95 14607212 1.000
80403562 2010 04 03 22 51 51.05 -115.3053 32.2630  9.740  0.80  0.27 14607180 0.301
80403563 2010 04 03 23 03 20.05 -115.2985 32.2883  8.810  1.20  0.81 14603540 0.332
14607220 2010 04 03 23 03 47.48 -115.2831 32.2883  6.680  4.34  4.38 14607220 1.000
80403566 2010 04 03 23 04 22.40 -115.2863 32.2588 12.880  3.46  3.37 14603532 0.330
80403567 2010 04 03 23 05 07.93 -115.2850 32.2805 10.540  2.49  2.44 14603524 0.325
80403569 2010 04 03 23 07 31.48 -115.2850 32.2805 10.540  1.27  1.24 14603524 0.433
80403571 2010 04 03 23 08 43.65 -115.2985 32.2883  8.810  1.30  0.91 14603540 0.208
80403572 2010 04 03 23 09 04.20 -115.2896 32.2845 17.368  1.51  0.55 14607620 0.143
80403573 2010 04 03 23 10 57.53 -115.2905 32.2690  1.814  2.22  2.26 14607268 0.406
14607228 2010 04 03 23 14 08.42 -115.2943 32.2960  7.560  2.34  2.36 14607228 1.000
80403575 2010 04 03 23 16 59.65 -115.2985 32.2883  8.810  1.18  0.48 14603540 0.173
80403576 2010 04 03 23 18 18.75 -115.3022 32.2413 12.100  1.01  0.37 14607276 0.209
80403577 2010 04 03 23 19 00.85 -115.2909 32.2780 15.544  1.30  0.56 14607244 0.263
14607244 2010 04 03 23 25 47.35 -115.2909 32.2780 15.544  2.13  2.00 14607244 1.000
80403580 2010 04 03 23 27 39.50 -115.2909 32.2780 15.544  1.24  0.82 14607244 0.364
80403582 2010 04 03 23 27 56.55 -115.3002 32.2762 11.960  1.24  0.75 14607204 0.240
80403583 2010 04 03 23 28 23.08 -115.2909 32.2780 15.544  1.75  1.47 14607244 0.764
80403585 2010 04 03 23 29 28.60 -115.3053 32.2630  9.740  1.10  0.99 14607180 0.557
80403586 2010 04 03 23 34 26.23 -115.2909 32.2780 15.544  1.33  0.98 14607244 0.423
80403588 2010 04 03 23 35 08.73 -115.2889 32.3049  3.180  1.41  1.33 14607340 0.478
80403589 2010 04 03 23 35 20.30 -115.2874 32.2837 15.300  1.28  0.76 14605060 0.237
80403590 2010 04 03 23 35 53.68 -115.2907 32.2791 15.377  1.32  0.57 14607260 0.182
80403591 2010 04 03 23 36 31.23 -115.2907 32.2791 15.377  1.29  0.65 14607260 0.246
80403592 2010 04 03 23 37 13.88 -115.2907 32.2791 15.377  1.65  1.39 14607260 0.450
80403593 2010 04 03 23 37 18.03 -115.2907 32.2791 15.377  1.74  1.48 14607260 0.562
14607260 2010 04 03 23 37 23.78 -115.2907 32.2791 15.377  2.36  2.21 14607260 1.000
14607268 2010 04 03 23 39 04.10 -115.2905 32.2690  1.814  2.09  2.14 14607268 1.000
80403597 2010 04 03 23 39 10.88 -115.2850 32.2805 10.540  1.86  1.61 14603524 0.336
80403598 2010 04 03 23 41 05.85 -115.3087 32.2698  9.190  1.00  0.35 14603996 0.197
80403599 2010 04 03 23 46 48.88 -115.3022 32.2413 12.100  1.08  1.08 14607276 0.248
14607276 2010 04 03 23 46 59.32 -115.3022 32.2413 12.100  1.67  1.50 14607276 1.000
80403601 2010 04 03 23 47 35.32 -115.3022 32.2413 12.100  1.06  0.69 14607276 0.364
80403602 2010 04 03 23 51 18.10 -115.3087 32.2698  9.190  1.07  0.46 14603996 0.253
80403603 2010 04 03 23 54 49.25 -115.2905 32.2690  1.814  1.15  0.79 14607268 0.291
80404604 2010 04 04 00 04 21.10 -115.2909 32.2780 15.544  1.66  1.51 14607244 0.465
80404605 2010 04 04 00 04 56.15 -115.2909 32.2780 15.544  1.38  1.05 14607244 0.303
80404607 2010 04 04 00 05 22.52 -115.2906 32.2783 15.725  1.46  0.99 14607380 0.350
80404609 2010 04 04 00 06 20.08 -115.2909 32.2780 15.544  1.34  0.90 14607244 0.225
80404610 2010 04 04 00 16 02.98 -115.2905 32.2690  1.814  1.48  1.22 14607268 0.539
80404611 2010 04 04 00 16 49.38 -115.2889 32.3049  3.180  1.29  0.98 14607340 0.441
80404613 2010 04 04 00 17 28.90 -115.2889 32.3049  3.180  1.10  0.52 14607340 0.242
80404614 2010 04 04 00 18 57.83 -115.3053 32.2630  9.740  1.02  0.67 14607180 0.251
80404615 2010 04 04 00 19 50.08 -115.2905 32.2690  1.814  1.22  0.63 14607268 0.272
80404616 2010 04 04 00 33 37.35 -115.2895 32.2808 15.675  1.39  0.34 10169070 0.141
80404617 2010 04 04 00 34 34.68 -115.3087 32.2698  9.190  1.23  0.83 14603996 0.378
80404618 2010 04 04 00 36 09.50 -115.2895 32.2808 15.675  1.61  1.01 10169070 0.219
80404619 2010 04 04 00 38 49.53 -115.2907 32.2791 15.377  1.25  1.25 14607260 0.192
80404620 2010 04 04 00 42 49.45 -115.2895 32.2808 15.675  1.82  1.31 10169070 0.320
80404621 2010 04 04 00 43 38.35 -115.2905 32.2690  1.814  1.64  1.54 14607268 0.549
14607284 2010 04 04 00 50 20.85 -115.2909 32.2785 15.413  2.76  2.79 14607284 1.000
80404624 2010 04 04 00 53 18.05 -115.2909 32.2785 15.413  1.48  1.05 14607284 0.519
80404626 2010 04 04 00 56 46.28 -115.2850 32.2805 10.540  1.07  0.73 14603524 0.363
80404628 2010 04 04 00 58 15.78 -115.2985 32.2883  8.810  1.05  0.69 14603540 0.218
80404629 2010 04 04 01 01 38.85 -115.2909 32.2780 15.544  1.38  0.80 14607244 0.317
80404631 2010 04 04 01 35 53.15 -115.2907 32.2791 15.377  1.29  0.74 14607260 0.364
80404632 2010 04 04 01 38 22.35 -115.2889 32.3049  3.180  1.20  0.11 14607340 0.144
80404633 2010 04 04 01 40 43.55 -115.2905 32.2690  1.814  1.76  1.64 14607268 0.505
80404634 2010 04 04 01 53 01.48 -115.2905 32.2690  1.814  1.04  1.04 14607268 0.156
80404635 2010 04 04 01 55 32.60 -115.2905 32.2690  1.814  1.03  0.44 14607268 0.189
80404636 2010 04 04 02 07 48.02 -115.2896 32.2845 17.368  1.44  1.44 14607620 0.138
80404637 2010 04 04 02 41 44.90 -115.3008 32.2795  9.266  1.19  1.19 14605924 0.190
80404638 2010 04 04 03 05 51.25 -115.2896 32.2845 17.368  1.29  1.29 14607620 0.155
80404639 2010 04 04 03 08 53.67 -115.2896 32.2845 17.368  1.61  1.12 14607620 0.455
80404640 2010 04 04 03 26 21.18 -115.2895 32.3154  8.944  1.09  0.46 14607556 0.188
80404641 2010 04 04 03 27 33.72 -115.2895 32.3154  8.944  1.16  0.78 14607556 0.273
14607340 2010 04 04 03 29 07.00 -115.2889 32.3049  3.180  2.32  2.49 14607340 1.000
80404643 2010 04 04 03 33 57.88 -115.2909 32.2780 15.544  1.82  1.55 14607244 0.540
80404644 2010 04 04 03 34 11.43 -115.2909 32.2780 15.544  1.63  0.89 14607244 0.161
80404645 2010 04 04 03 34 55.45 -115.2889 32.3049  3.180  1.10  0.52 14607340 0.212
80404646 2010 04 04 03 39 43.90 -115.2909 32.2785 15.413  1.19  0.67 14607284 0.254
80404647 2010 04 04 03 41 20.50 -115.2909 32.2785 15.413  1.17  0.52 14607284 0.190
80404648 2010 04 04 03 41 49.50 -115.2917 32.2843 16.661  1.04  1.04 14604732 0.131
80404649 2010 04 04 03 42 46.10 -115.2904 32.2792 15.503  1.09  0.51 14607628 0.208
80404650 2010 04 04 03 45 41.55 -115.2907 32.2791 15.377  1.23  0.52 14607260 0.289
80404652 2010 04 04 03 48 52.05 -115.3087 32.2698  9.190  1.00  0.17 14603996 0.229
80404653 2010 04 04 03 55 46.57 -115.2889 32.3049  3.180  1.45  1.26 14607340 0.335
80404654 2010 04 04 03 57 11.88 -115.2889 32.3049  3.180  1.42  1.27 14607340 0.230
80404655 2010 04 04 04 01 02.30 -115.2881 32.3002  3.858  0.98  0.31 14607372 0.224
80404656 2010 04 04 04 25 17.33 -115.2902 32.2747  1.411  1.19  1.19 14607140 0.199
80404657 2010 04 04 04 29 16.43 -115.2895 32.2808 15.675  1.36  0.76 10169070 0.190
80404658 2010 04 04 04 30 19.83 -115.2900 32.3089  4.088  1.10  0.83 14607540 0.424
80404659 2010 04 04 04 30 35.03 -115.2900 32.3089  4.088  1.19  0.81 14607540 0.391
80404660 2010 04 04 04 31 51.22 -115.2896 32.2845 17.368  1.36  0.75 14607620 0.194
80404661 2010 04 04 04 46 23.90 -115.2985 32.2883  8.810  1.06  0.66 14603540 0.298
80404662 2010 04 04 05 00 56.83 -115.3008 32.2795  9.266  1.37  1.09 14605924 0.277
14607364 2010 04 04 05 05 09.77 -115.2818 32.2755 16.048  3.26  3.34 14607364 1.000
80404664 2010 04 04 05 05 26.55 -115.2909 32.2780 15.544  3.02  2.89 14607244 0.302
80404665 2010 04 04 05 07 18.68 -115.2909 32.2780 15.544  1.36  0.89 14607244 0.298
80404666 2010 04 04 05 08 00.88 -115.2956 32.2779 19.049  1.49  1.09 14607412 0.421
80404668 2010 04 04 05 10 23.58 -115.2881 32.3002  3.858  0.85  0.24 14607372 0.256
14607372 2010 04 04 05 11 32.67 -115.2881 32.3002  3.858  1.66  1.44 14607372 1.000
80404670 2010 04 04 05 15 36.83 -115.2985 32.2883  8.810  0.94  0.51 14603540 0.287
80404671 2010 04 04 05 17 02.48 -115.2906 32.2783 15.725  1.33  0.98 14607380 0.449
80404674 2010 04 04 05 17 19.08 -115.2907 32.2791 15.377  1.29  0.94 14607260 0.358
80404675 2010 04 04 05 17 23.83 -115.2907 32.2791 15.377  1.31  0.74 14607260 0.223
80404677 2010 04 04 05 22 03.50 -115.2906 32.2783 15.725  1.19  0.63 14607380 0.283
80404678 2010 04 04 05 22 10.35 -115.2906 32.2783 15.725  1.15  0.51 14607380 0.208
14607380 2010 04 04 05 25 44.75 -115.2906 32.2783 15.725  1.93  1.54 14607380 1.000
80404681 2010 04 04 05 32 57.65 -115.2906 32.2783 15.725  1.14  0.51 14607380 0.260
80404682 2010 04 04 05 35 17.43 -115.2895 32.2808 15.675  1.50  0.91 10169070 0.279
80404683 2010 04 04 05 37 46.60 -115.2850 32.2805 10.540  1.05  0.71 14603524 0.186
80404684 2010 04 04 05 58 51.55 -115.2909 32.2785 15.413  1.28  0.28 14607284 0.156
80404685 2010 04 04 06 36 00.90 -115.2900 32.3164  8.489  1.11  0.23 14607524 0.200
80404686 2010 04 04 06 49 39.65 -115.2895 32.2808 15.675  1.11  0.40 10169070 0.149
80404687 2010 04 04 06 51 26.90 -115.2896 32.3141  8.704  1.08  0.38 14605636 0.214
80404688 2010 04 04 06 55 11.88 -115.2885 32.3159  8.596  1.12  0.71 14606228 0.309
80404689 2010 04 04 06 56 05.45 -115.2909 32.2785 15.413  1.12  0.51 14607284 0.216
80404690 2010 04 04 07 07 36.40 -115.2985 32.2883  8.810  0.95  0.32 14603540 0.167
80404691 2010 04 04 07 18 32.85 -115.2900 32.3164  8.489  1.02  0.90 14607524 0.474
80404692 2010 04 04 07 20 45.22 -115.2909 32.2785 15.413  1.27  0.82 14607284 0.343
80404693 2010 04 04 07 40 35.90 -115.3087 32.2698  9.190  0.98  0.34 14603996 0.211
80404694 2010 04 04 07 48 18.82 -115.2901 32.3104  5.411  1.01  1.01 14605412 0.172
14607396 2010 04 04 07 51 37.68 -115.2985 32.2590  8.370  3.13  3.08 14607396 1.000
80404696 2010 04 04 07 54 46.68 -115.2985 32.2590  8.370  2.09  1.62 14607396 0.376
80404697 2010 04 04 08 22 24.60 -115.2896 32.2845 17.368  1.07  0.11 14607620 0.166
80404698 2010 04 04 08 34 14.53 -115.2905 32.2690  1.814  0.87  0.22 14607268 0.216
80404699 2010 04 04 08 55 03.15 -115.2909 32.2785 15.413  1.57  1.18 14607284 0.452
80404700 2010 04 04 09 23 03.95 -115.2889 32.3049  3.180  1.30  0.98 14607340 0.404
80404701 2010 04 04 09 25 30.28 -115.2889 32.3049  3.180  0.91  0.91 14607340 0.150
80404702 2010 04 04 09 26 09.75 -115.2985 32.2883  8.810  0.91  0.03 14603540 0.171
80404703 2010 04 04 09 34 55.73 -115.2909 32.2780 15.544  1.26  1.02 14607244 0.493
80404704 2010 04 04 09 35 04.25 -115.2909 32.2780 15.544  1.45  1.20 14607244 0.639
80404705 2010 04 04 09 36 01.62 -115.2909 32.2785 15.413  1.87  1.55 14607284 0.580
14607412 2010 04 04 09 36 26.50 -115.2956 32.2779 19.049  3.36  3.44 14607412 1.000
80404709 2010 04 04 09 37 39.23 -115.2909 32.2785 15.413  1.97  1.04 14607284 0.167
80404710 2010 04 04 09 41 33.93 -115.2904 32.2792 15.503  0.99  0.42 14607628 0.265
80404712 2010 04 04 09 43 47.15 -115.2895 32.2808 15.675  1.29  0.43 10169070 0.226
80404713 2010 04 04 09 45 10.93 -115.2906 32.2783 15.725  1.09  0.35 14607380 0.189
80404714 2010 04 04 09 49 05.68 -115.2904 32.2792 15.503  1.53  1.33 14607628 0.728
80404716 2010 04 04 09 58 04.73 -115.2905 32.2690  1.814  0.99  0.56 14607268 0.265
80404717 2010 04 04 10 00 35.85 -115.2889 32.3049  3.180  1.04  0.68 14607340 0.310
80404718 2010 04 04 10 01 24.28 -115.2889 32.3049  3.180  1.00  0.76 14607340 0.370
80404720 2010 04 04 10 02 01.38 -115.2850 32.2805 10.540  0.90  0.77 14603524 0.477
80404722 2010 04 04 10 03 07.03 -115.2889 32.3049  3.180  0.92  0.92 14607340 0.141
80404723 2010 04 04 10 21 29.47 -115.2905 32.2690  1.814  0.94  0.42 14607268 0.255
80404724 2010 04 04 10 22 21.33 -115.2956 32.2779 19.049  1.21  0.63 14607412 0.199
80404725 2010 04 04 10 37 30.35 -115.2900 32.3089  4.088  1.28  1.08 14607540 0.598
80404726 2010 04 04 10 37 38.28 -115.2900 32.3089  4.088  1.22  0.82 14607540 0.323
80404727 2010 04 04 11 03 09.60 -115.2906 32.2783 15.725  1.33  0.96 14607380 0.467
80404729 2010 04 04 11 05 18.38 -115.2906 32.2783 15.725  1.60  1.26 14607380 0.520
80404731 2010 04 04 11 10 01.95 -115.2985 32.2883  8.810  0.93  0.57 14603540 0.345
80404732 2010 04 04 11 22 42.75 -115.2902 32.2747  1.411  1.12  1.12 14607140 0.169
80404733 2010 04 04 11 41 12.80 -115.2904 32.2792 15.503  1.58  1.40 14607628 0.645
80404735 2010 04 04 12 00 41.80 -115.2901 32.3104  5.411  1.13  0.79 14605412 0.226
80404736 2010 04 04 12 01 15.88 -115.2895 32.3154  8.944  1.01  0.17 14607556 0.169
80404737 2010 04 04 12 05 38.85 -115.2900 32.3164  8.489  1.32  1.10 14607524 0.493
80404738 2010 04 04 12 19 38.22 -115.2947 32.2827  8.340  0.95  0.01 30677759 0.195
80404739 2010 04 04 12 42 06.55 -115.3022 32.2413 12.100  1.13  0.79 14607276 0.447
80404740 2010 04 04 12 49 58.90 -115.3022 32.2413 12.100  1.15  0.86 14607276 0.445
80404741 2010 04 04 14 37 16.68 -115.2895 32.2808 15.675  1.29  0.71 10169070 0.374
80404743 2010 04 04 14 37 49.48 -115.2895 32.2808 15.675  1.27  0.74 10169070 0.406
80404744 2010 04 04 14 43 49.82 -115.2901 32.2707  2.188  1.32  1.06 14607108 0.228
30677759 2010 04 04 15 07 53.23 -115.2947 32.2827  8.340  2.09  2.09 30677759 1.000
80404746 2010 04 04 15 08 13.02 -115.2947 32.2827  8.340  1.56  1.01 30677759 0.231
14607492 2010 04 04 15 09 24.75 -115.2906 32.3159  8.663  1.81  2.06 14607492 1.000
80404749 2010 04 04 15 11 46.45 -115.2901 32.3104  5.411  1.09  0.76 14605412 0.421
80404750 2010 04 04 15 14 51.60 -115.2906 32.3159  8.663  0.86  0.04 14607492 0.141
80404751 2010 04 04 15 22 35.43 -115.2895 32.3154  8.944  1.16  0.53 14607556 0.211
80404752 2010 04 04 15 24 34.83 -115.2947 32.2827  8.340  1.07  0.72 30677759 0.342
80404753 2010 04 04 15 26 17.12 -115.2900 32.3164  8.489  1.33  1.07 14607524 0.435
80404754 2010 04 04 16 17 27.75 -115.2901 32.3104  5.411  1.04  0.40 14605412 0.204
14607524 2010 04 04 16 21 10.30 -115.2900 32.3164  8.489  2.37  2.56 14607524 1.000
80404756 2010 04 04 16 25 32.95 -115.2901 32.3104  5.411  1.01  0.37 14605412 0.167
80404757 2010 04 04 16 33 03.95 -115.2900 32.3164  8.489  1.02  1.02 14607524 0.158
80404758 2010 04 04 16 55 10.48 -115.2900 32.3089  4.088  0.96  0.47 14607540 0.277
14607540 2010 04 04 16 55 58.15 -115.2900 32.3089  4.088  1.86  1.88 14607540 1.000
80404760 2010 04 04 16 58 27.23 -115.2900 32.3089  4.088  1.35  1.21 14607540 0.750
80404761 2010 04 04 17 12 38.20 -115.2901 32.3104  5.411  1.25  0.93 14605412 0.347
80404762 2010 04 04 17 13 19.60 -115.2895 32.3154  8.944  1.22  0.72 14607556 0.390
80404763 2010 04 04 17 13 33.03 -115.3050 32.2922 14.310  1.06  0.53 14607564 0.240
80404764 2010 04 04 17 14 14.03 -115.2895 32.3154  8.944  1.06  0.57 14607556 0.220
14607556 2010 04 04 17 18 00.88 -115.2895 32.3154  8.944  2.15  2.21 14607556 1.000
80404767 2010 04 04 17 18 27.78 -115.3050 32.2922 14.310  1.48  1.48 14607564 0.206
14607564 2010 04 04 17 19 07.38 -115.3050 32.2922 14.310  2.06  1.96 14607564 1.000
80404769 2010 04 04 17 20 40.88 -115.3050 32.2922 14.310  1.15  0.55 14607564 0.276
80404770 2010 04 04 17 26 37.40 -115.2885 32.3159  8.596  1.18  0.71 14606228 0.356
80404771 2010 04 04 17 33 49.65 -115.2885 32.3159  8.596  1.18  0.70 14606228 0.246
80404772 2010 04 04 17 46 10.48 -115.2885 32.3159  8.596  1.60  1.30 14606228 0.651
80404773 2010 04 04 17 46 20.12 -115.2885 32.3159  8.596  1.42  0.89 14606228 0.251
80404774 2010 04 04 18 12 02.40 -115.2901 32.3104  5.411  1.14  0.59 14605412 0.200
80404775 2010 04 04 18 25 16.08 -115.2900 32.3089  4.088  1.06  0.76 14607540 0.300
80404776 2010 04 04 19 01 50.00 -115.3053 32.2630  9.740  0.93  0.75 14607180 0.260
80404777 2010 04 04 19 06 29.58 -115.3053 32.2630  9.740  1.01  0.61 14607180 0.205
80404778 2010 04 04 19 19 30.95 -115.2743 32.2983 11.160  1.21  1.21 14603476 0.122
80404780 2010 04 04 19 19 48.22 -115.2895 32.2808 15.675  1.55  1.03 10169070 0.347
80404782 2010 04 04 19 25 03.58 -115.3050 32.2922 14.310  1.23  0.71 14607564 0.222
80404783 2010 04 04 20 18 56.50 -115.3002 32.2762 11.960  1.34  0.53 14607204 0.293
80404784 2010 04 04 20 19 27.50 -115.3002 32.2762 11.960  1.34  0.87 14607204 0.246
80404786 2010 04 04 20 19 43.45 -115.3002 32.2762 11.960  1.42  0.88 14607204 0.364
80404788 2010 04 04 20 21 35.97 -115.3002 32.2762 11.960  1.52  1.01 14607204 0.489
80404789 2010 04 04 20 54 19.43 -115.2907 32.2791 15.377  1.43  0.66 14607260 0.164
80404790 2010 04 04 21 02 02.50 -115.2850 32.2805 10.540  1.08  0.62 14603524 0.156
80404791 2010 04 04 21 32 26.30 -115.2985 32.2883  8.810  1.15  0.89 14603540 0.349
80404792 2010 04 04 22 20 59.58 -115.3087 32.2698  9.190  1.12  0.35 14603996 0.203
14607620 2010 04 04 22 34 50.55 -115.2896 32.2845 17.368  3.35  3.49 14607620 1.000
80404795 2010 04 04 22 35 54.43 -115.3087 32.2698  9.190  2.09  1.42 14603996 0.254
80404796 2010 04 04 22 38 57.03 -115.2907 32.2791 15.377  1.74  1.32 14607260 0.379
14607628 2010 04 04 22 39 05.35 -115.2904 32.2792 15.503  2.69  2.87 14607628 1.000
80404799 2010 04 04 22 39 43.15 -115.2874 32.2837 15.300  1.89  1.63 14605060 0.444
10169070 2010 04 04 22 39 57.25 -115.2895 32.2808 15.675  2.92  2.77 10169070 1.000
# EMC mainshock: 
# SCSN waveform relocated catalog (1981-2018; Last accessed, Sep 2019; Hauksson et al., 2012)
14607652 2010 04 04 22 40 42.16 -115.2940 32.2735 13.990  7.20
